# A tibble: 120 × 12
# Groups:   k, sketchsize, bin [120]
        k sketchsize   bin     n     BD1       BD2       BD4      BD8    Dash1      FSS1     Mash       SS1
    <int>      <int> <dbl> <int>   <dbl>     <dbl>     <dbl>    <dbl>    <dbl>     <dbl>    <dbl>     <dbl>
  1    21       8192  0        1 0.00561 -0.00415  -0.00220   0.00561 -0.0151   0.00378   0.00561 -0.00702 
  2    21       8192  0.05    15 0.0327  -0.0493   -0.0278    0.0542   0.0254   0.0208    0.164   -0.00202 
  3    21       8192  0.1     37 0.187    0.0554    0.0750    0.106    0.425    0.172     0.00464  0.0268  
  4    21       8192  0.15    37 0.250    0.135     0.157     0.125    0.386    0.0626    0.188    0.0839  
  5    21       8192  0.2     50 0.273    0.0102   -0.0953   -0.248    0.202    0.154     0.276    0.362   
  6    21       8192  0.25    46 0.131    0.0773   -0.0125    0.241    0.301    0.267     0.0851   0.267   
  7    21       8192  0.3     52 0.417   -0.0966   -0.0634   -0.399   -0.140    0.672    -0.0712   0.180   
  8    21       8192  0.35    51 0.279    0.00232  -0.306    -0.338   -0.186    0.496     0.147    0.299   
  9    21       8192  0.4     52 0.417    0.386     0.431     0.638    0.430    0.399     0.740    0.535   
 10    21       8192  0.45    60 0.509    0.740     0.882     1.36     0.597    0.466     0.409    0.819   
 11    21       8192  0.5     53 0.801    0.831     0.710     0.562    0.312    0.775     0.171    0.651   
 12    21       8192  0.55    61 1.01     1.05      1.09      0.743    0.572    0.891     0.314    1.05    
 13    21       8192  0.6     58 1.26     1.44      1.37      1.33     1.31     1.26      0.759    1.40    
 14    21       8192  0.65    60 1.13     1.25      1.23      1.02     1.21     1.34      1.04     1.45    
 15    21       8192  0.7     61 1.52     1.69      1.77      2.11     1.61     1.20      1.76     1.56    
 16    21       8192  0.75    64 1.46     1.67      1.59      1.52     1.89     1.68      0.730    1.55    
 17    21       8192  0.8     59 1.43     1.48      1.28      1.44     1.33     1.35      0.647    1.45    
 18    21       8192  0.85    61 1.86     2.00      2.06      1.65     2.00     1.88      1.33     2.02    
 19    21       8192  0.9     52 1.31     1.28      1.23      1.77     1.25     1.37      1.55     1.41    
 20    21       8192  0.95    34 0.616    0.582     0.621     0.687    0.655    0.669     0.672    0.655   
 21    21      32768  0        1 0.00268 -0.00122   0.000732 -0.00415 -0.0108  -0.000446  0.00171 -0.00311 
 22    21      32768  0.05    15 0.0464   0.00585  -0.0210   -0.0493   0.0273   0.00556   0.0522   0.0362  
 23    21      32768  0.1     37 0.214    0.108     0.0730    0.0554   0.246    0.0769    0.0183   0.0658  
 24    21      32768  0.15    37 0.239    0.102     0.141     0.135    0.101    0.110     0.106    0.0665  
 25    21      32768  0.2     50 0.388    0.215     0.120     0.0102   0.189    0.303     0.204    0.217   
 26    21      32768  0.25    46 0.179    0.0124    0.00211   0.0754   0.123    0.302     0.177    0.241   
 27    21      32768  0.3     52 0.452    0.417     0.264    -0.0966   0.335    0.402     0.0323   0.328   
 28    21      32768  0.35    51 0.323    0.289     0.178     0.00232  0.198    0.447     0.141    0.349   
 29    21      32768  0.4     52 0.589    0.441     0.311     0.386    0.539    0.548     0.607    0.492   
 30    21      32768  0.45    60 0.756    0.655     0.426     0.740    0.553    0.700     0.204    0.578   
 31    21      32768  0.5     53 0.730    0.629     0.729     0.829    0.615    0.728     0.740    0.558   
 32    21      32768  0.55    61 0.971    1.01      0.906     1.05     0.757    0.820     0.870    0.975   
 33    21      32768  0.6     58 1.38     1.28      1.20      1.44     1.28     1.24      1.38     1.35    
 34    21      32768  0.65    60 1.26     1.06      1.07      1.25     1.22     1.39      0.999    1.33    
 35    21      32768  0.7     61 1.45     1.44      1.46      1.69     1.39     1.43      1.60     1.42    
 36    21      32768  0.75    64 1.66     1.57      1.42      1.67     1.60     1.64      1.38     1.67    
 37    21      32768  0.8     59 1.43     1.44      1.41      1.48     1.32     1.35      1.12     1.34    
 38    21      32768  0.85    61 1.94     1.98      1.84      2.00     1.85     1.87      1.77     1.89    
 39    21      32768  0.9     52 1.37     1.37      1.30      1.28     1.26     1.34      1.48     1.34    
 40    21      32768  0.95    34 0.637    0.622     0.615     0.582    0.622    0.648     0.695    0.639   
 41    21     131072  0        1 0.00348 -0.000611 -0.000489 -0.00122 -0.00730 -0.00106   0.00220  0.000651
 42    21     131072  0.05    15 0.0730   0.0139   -0.00147   0.00585  0.00141  0.0191    0.0151   0.0209  
 43    21     131072  0.1     37 0.192    0.0861    0.0923    0.107    0.113    0.0887    0.0686   0.0871  
 44    21     131072  0.15    37 0.220    0.111     0.126     0.102    0.0502   0.102     0.187    0.0496  
 45    21     131072  0.2     50 0.384    0.232     0.227     0.214    0.199    0.214     0.226    0.230   
 46    21     131072  0.25    46 0.315    0.124     0.0651    0.0119   0.210    0.250     0.223    0.214   
 47    21     131072  0.3     52 0.539    0.359     0.311     0.417    0.282    0.362     0.769    0.364   
 48    21     131072  0.35    51 0.431    0.266     0.200     0.289    0.205    0.346     0.668    0.420   
 49    21     131072  0.4     52 0.654    0.513     0.476     0.439    0.428    0.523     0.908    0.566   
 50    21     131072  0.45    60 0.749    0.596     0.657     0.654    0.742    0.750     0.712    0.700   
 51    21     131072  0.5     53 0.784    0.661     0.638     0.628    0.765    0.748     0.989    0.686   
 52    21     131072  0.55    61 0.961    0.842     0.868     1.01     0.894    0.861     0.871    0.874   
 53    21     131072  0.6     58 1.32     1.24      1.31      1.28     1.27     1.24      1.45     1.18    
 54    21     131072  0.65    60 1.36     1.21      1.19      1.06     1.31     1.27      1.35     1.25    
 55    21     131072  0.7     61 1.46     1.40      1.40      1.44     1.39     1.44      1.42     1.39    
 56    21     131072  0.75    64 1.65     1.58      1.61      1.57     1.63     1.65      1.76     1.60    
 57    21     131072  0.8     59 1.39     1.36      1.39      1.44     1.38     1.37      1.28     1.29    
 58    21     131072  0.85    61 1.88     1.86      1.92      1.98     1.92     1.90      1.88     1.90    
 59    21     131072  0.9     52 1.32     1.31      1.36      1.37     1.31     1.33      1.50     1.35    
 60    21     131072  0.95    34 0.637    0.633     0.636     0.622    0.634    0.624     0.672    0.648   
 61    31       8192  0        8 0.0343   0.0206    0.0148   -0.0360   0.0158   0.0269   -0.0204   0.0253  
 62    31       8192  0.05    48 0.166   -0.00883   0.0908   -0.0928   0.0627   0.0282    0.196   -0.116   
 63    31       8192  0.1     48 0.124   -0.0396   -0.0826   -0.114   -0.103    0.0813    0.183    0.0645  
 64    31       8192  0.15    55 0.217   -0.216    -0.550    -0.456    0.244    0.180     0.325    0.125   
 65    31       8192  0.2     52 0.333   -0.0517   -0.253    -0.315    0.305    0.0983    0.692    0.120   
 66    31       8192  0.25    46 0.229    0.179    -0.413    -0.862    0.634    0.116     0.896    0.179   
 67    31       8192  0.3     52 0.551    0.595     0.263     0.185    0.150    0.377     0.00494  0.427   
 68    31       8192  0.35    52 0.369    0.441     0.327     0.120    0.348    0.412     0.847    0.383   
 69    31       8192  0.4     56 0.671    0.893     0.864     0.626   -0.0430   0.674     0.313    0.413   
 70    31       8192  0.45    44 0.601    0.639     0.537     0.533    0.635    0.550     0.955    0.687   
 71    31       8192  0.5     55 0.747    0.432     0.247     0.325    0.485    0.306     1.31     0.0947  
 72    31       8192  0.55    53 0.729    0.368     0.262     0.426    0.739    0.752     1.40     0.384   
 73    31       8192  0.6     49 0.834    0.875     0.561     0.315    1.02     0.977     1.67     0.875   
 74    31       8192  0.65    54 0.916    0.951     0.930     1.13     1.05     0.826     0.641    0.840   
 75    31       8192  0.7     57 1.44     1.32      1.12      1.63     1.36     1.37      1.31     1.31    
 76    31       8192  0.75    49 0.902    0.695     0.529     0.341    0.900    0.897     1.38     0.981   
 77    31       8192  0.8     45 0.828    0.932     0.838     0.780    1.06     0.875     1.65     0.706   
 78    31       8192  0.85    56 1.48     1.63      1.57      1.53     1.37     1.35      1.72     1.22    
 79    31       8192  0.9     50 1.03     1.02      1.07      1.21     1.14     0.964     0.870    1.08    
 80    31       8192  0.95    35 0.478    0.485     0.485     0.411    0.536    0.508     0.426    0.487   
 81    31      32768  0        8 0.0421   0.0172   -0.00771   0.0206  -0.00791 -0.00943   0.00303  0.0167  
 82    31      32768  0.05    48 0.180    0.0659   -0.00199  -0.00883  0.0732   0.0302   -0.00297  0.0390  
 83    31      32768  0.1     48 0.180   -0.0719   -0.0230   -0.0396   0.0254  -0.0275    0.162   -0.00147 
 84    31      32768  0.15    55 0.273    0.110    -0.0117   -0.216    0.221    0.221     0.308    0.136   
 85    31      32768  0.2     52 0.326    0.173     0.161    -0.0536   0.474    0.106     0.351    0.145   
 86    31      32768  0.25    46 0.160    0.117     0.0968    0.179    0.314    0.234     0.482    0.108   
 87    31      32768  0.3     52 0.388    0.320     0.420     0.595    0.253    0.293     0.202    0.298   
 88    31      32768  0.35    52 0.365    0.220     0.234     0.441    0.359    0.380     0.382    0.348   
 89    31      32768  0.4     56 0.596    0.511     0.513     0.893    0.131    0.465     0.673    0.332   
 90    31      32768  0.45    44 0.467    0.429     0.517     0.639    0.453    0.352     0.463    0.414   
 91    31      32768  0.5     55 0.495    0.532     0.638     0.432    0.529    0.420     0.712    0.434   
 92    31      32768  0.55    53 0.561    0.508     0.635     0.368    0.715    0.744     0.581    0.461   
 93    31      32768  0.6     49 0.967    0.830     0.758     0.875    0.999    0.919     0.998    0.900   
 94    31      32768  0.65    54 0.835    0.754     0.865     0.951    0.962    0.882     0.723    0.862   
 95    31      32768  0.7     57 1.40     1.35      1.38      1.32     1.26     1.41      1.37     1.36    
 96    31      32768  0.75    49 0.879    0.772     0.859     0.695    0.925    0.943     0.900    0.909   
 97    31      32768  0.8     45 0.891    0.817     0.796     0.930    0.905    0.895     0.907    0.867   
 98    31      32768  0.85    56 1.40     1.37      1.45      1.63     1.46     1.41      1.65     1.30    
 99    31      32768  0.9     50 1.01     1.10      1.01      1.02     1.10     1.04      1.04     1.12    
100    31      32768  0.95    35 0.471    0.476     0.474     0.485    0.492    0.501     0.442    0.483   
101    31     131072  0        8 0.0425   0.0134    0.0133    0.0172   0.0165   0.00490   0.00840 -0.00392 
102    31     131072  0.05    48 0.201    0.00179   0.0197    0.0644   0.131    0.0497    0.0776   0.0440  
103    31     131072  0.1     48 0.217    0.0503    0.0285   -0.0733   0.0918   0.0324    0.0859   0.0368  
104    31     131072  0.15    55 0.319    0.145     0.0799    0.108    0.193    0.147     0.179    0.125   
105    31     131072  0.2     52 0.307    0.129     0.151     0.172    0.232    0.139     0.0650   0.167   
106    31     131072  0.25    46 0.337    0.0841    0.0120    0.117    0.217    0.176     0.0123   0.243   
107    31     131072  0.3     52 0.466    0.277     0.253     0.320    0.290    0.294     0.265    0.325   
108    31     131072  0.35    52 0.427    0.300     0.238     0.220    0.423    0.317     0.376    0.406   
109    31     131072  0.4     56 0.586    0.499     0.474     0.510    0.450    0.484     0.553    0.495   
110    31     131072  0.45    44 0.488    0.385     0.380     0.427    0.386    0.364     0.419    0.451   
111    31     131072  0.5     55 0.591    0.482     0.404     0.531    0.541    0.520     0.701    0.571   
112    31     131072  0.55    53 0.658    0.518     0.474     0.507    0.733    0.725     0.607    0.651   
113    31     131072  0.6     49 1.00     0.905     0.899     0.830    0.896    0.931     0.952    0.955   
114    31     131072  0.65    54 0.891    0.827     0.771     0.754    0.851    0.916     0.867    0.844   
115    31     131072  0.7     57 1.38     1.32      1.34      1.35     1.33     1.37      1.42     1.37    
116    31     131072  0.75    49 0.951    0.913     0.831     0.772    0.919    0.973     0.898    0.938   
117    31     131072  0.8     45 0.915    0.886     0.859     0.816    0.937    0.885     0.937    0.912   
118    31     131072  0.85    56 1.42     1.41      1.38      1.37     1.44     1.44      1.54     1.41    
119    31     131072  0.9     50 1.05     1.04      1.00      1.10     1.06     1.12      1.21     1.14    
120    31     131072  0.95    35 0.480    0.478     0.470     0.476    0.496    0.496     0.499    0.488   
