# A tibble: 6 × 16
# Groups:   k, sketchsize, bin [6]
    bin     k sketchsize     n   BD1   BD2   BD4   BD8 Dash1  FSS1 JItrue  Mash `PMH1-500000` `PMH1-50000000`   SS1 WJItrue
  <dbl> <int>      <int> <int> <dbl> <dbl> <dbl> <dbl> <dbl> <dbl>  <dbl> <dbl>         <dbl>           <dbl> <dbl>   <dbl>
1     0    21       8192   964  2.72  2.73  2.92  3.49  3.32  2.72   2.52  3.41          30.6            3.60  2.76    2.55
2     0    21      32768   964  2.75  2.61  2.59  2.73  2.76  2.65   2.52  2.83          30.6            3.47  2.65    2.55
3     0    21     131072   964  2.74  2.60  2.61  2.61  2.65  2.63   2.52  2.68          30.7            3.45  2.62    2.55
4     0    31       8192   964  4.90  4.66  4.52  4.57  4.96  4.80   4.51  5.09          19.2            5.73  4.68    4.57
5     0    31      32768   964  4.91  4.72  4.68  4.66  4.80  4.74   4.51  4.82          19.2            5.71  4.73    4.62
6     0    31     131072   964  4.97  4.73  4.69  4.71  4.83  4.76   4.51  4.78          19.2            5.72  4.78    4.62
