# A tibble: 6 × 12
# Groups:   k, sketchsize, bin [6]
    bin     k sketchsize     n   BD1   BD2   BD4   BD8 Dash1  FSS1  Mash   SS1
  <dbl> <int>      <int> <int> <dbl> <dbl> <dbl> <dbl> <dbl> <dbl> <dbl> <dbl>
1     0    21       8192   964  18.6  22.0  26.3  34.7  24.1  18.7  31.9  19.7
2     0    21      32768   964  17.0  17.1  18.0  22.0  17.4  16.4  20.4  16.0
3     0    21     131072   964  16.4  15.2  16.0  17.1  15.7  15.3  18.8  15.0
4     0    31       8192   964  16.2  19.3  24.0  31.4  21.4  15.8  33.1  15.6
5     0    31      32768   964  13.1  13.5  15.5  19.3  15.4  12.9  19.1  12.2
6     0    31     131072   964  12.9  11.9  12.2  13.5  12.7  11.9  14.3  12.0
