# A tibble: 120 × 10
# Groups:   k, sketchsize, bin [120]
        k sketchsize   bin     n Dash1   FSS1   FSS8   Mash    SS1    SS8
    <int>      <int> <dbl> <int> <dbl>  <dbl>  <dbl>  <dbl>  <dbl>  <dbl>
  1    21       8192  0       29 0.527 0.119  0.267  0.249  0.0976 0.251 
  2    21       8192  0.05    33 0.569 0.262  0.751  0.615  0.260  0.533 
  3    21       8192  0.1     37 0.799 0.333  0.886  0.819  0.342  0.774 
  4    21       8192  0.15    37 0.770 0.367  1.07   0.928  0.337  1.12  
  5    21       8192  0.2     50 0.946 0.696  1.24   1.57   0.561  1.62  
  6    21       8192  0.25    46 0.937 0.578  1.25   1.28   0.709  1.23  
  7    21       8192  0.3     52 1.16  0.711  1.14   1.31   0.640  2.08  
  8    21       8192  0.35    51 0.952 0.765  1.63   1.56   0.613  1.74  
  9    21       8192  0.4     52 1.22  0.647  1.58   1.78   0.742  2.07  
 10    21       8192  0.45    60 1.34  0.781  1.34   1.94   1.11   2.18  
 11    21       8192  0.5     53 1.17  1.11   1.95   2.00   0.904  1.85  
 12    21       8192  0.55    61 1.52  1.09   2.23   1.94   1.29   2.17  
 13    21       8192  0.6     58 1.69  1.35   2.41   2.23   1.64   2.55  
 14    21       8192  0.65    60 1.75  1.55   2.54   2.24   1.58   2.55  
 15    21       8192  0.7     61 2.03  1.42   2.44   2.96   1.69   2.64  
 16    21       8192  0.75    64 1.99  1.73   2.39   2.50   1.68   2.39  
 17    21       8192  0.8     59 1.50  1.47   2.50   1.99   1.52   2.14  
 18    21       8192  0.85    61 2.12  1.90   2.25   2.05   2.10   2.65  
 19    21       8192  0.9     52 1.28  1.37   1.64   1.77   1.42   1.53  
 20    21       8192  0.95    34 0.661 0.670  0.741  0.724  0.659  0.702 
 21    21      32768  0       29 0.238 0.0469 0.143  0.105  0.0598 0.126 
 22    21      32768  0.05    33 0.304 0.168  0.380  0.332  0.158  0.343 
 23    21      32768  0.1     37 0.402 0.199  0.435  0.460  0.210  0.521 
 24    21      32768  0.15    37 0.425 0.250  0.465  0.430  0.199  0.506 
 25    21      32768  0.2     50 0.569 0.365  0.833  0.824  0.316  0.688 
 26    21      32768  0.25    46 0.544 0.365  0.812  0.668  0.326  0.683 
 27    21      32768  0.3     52 0.553 0.476  0.783  0.701  0.401  0.927 
 28    21      32768  0.35    51 0.551 0.567  0.990  0.740  0.410  0.879 
 29    21      32768  0.4     52 0.720 0.580  0.879  0.974  0.555  1.11  
 30    21      32768  0.45    60 0.817 0.759  1.18   1.07   0.672  1.65  
 31    21      32768  0.5     53 0.745 0.775  1.22   0.942  0.630  0.900 
 32    21      32768  0.55    61 1.04  0.927  1.42   1.31   1.04   1.34  
 33    21      32768  0.6     58 1.33  1.26   1.55   1.63   1.40   1.82  
 34    21      32768  0.65    60 1.36  1.43   1.62   1.51   1.38   1.83  
 35    21      32768  0.7     61 1.48  1.47   1.61   1.90   1.44   1.91  
 36    21      32768  0.75    64 1.62  1.66   1.65   1.67   1.67   1.92  
 37    21      32768  0.8     59 1.33  1.37   1.56   1.32   1.35   1.74  
 38    21      32768  0.85    61 1.89  1.88   1.96   1.83   1.92   2.17  
 39    21      32768  0.9     52 1.26  1.34   1.41   1.49   1.34   1.35  
 40    21      32768  0.95    34 0.622 0.648  0.688  0.695  0.639  0.653 
 41    21     131072  0       29 0.109 0.0283 0.0471 0.0540 0.0220 0.0455
 42    21     131072  0.05    33 0.174 0.0729 0.220  0.168  0.0794 0.207 
 43    21     131072  0.1     37 0.185 0.115  0.248  0.226  0.117  0.219 
 44    21     131072  0.15    37 0.205 0.134  0.314  0.282  0.107  0.274 
 45    21     131072  0.2     50 0.314 0.250  0.414  0.494  0.242  0.407 
 46    21     131072  0.25    46 0.306 0.288  0.410  0.458  0.232  0.452 
 47    21     131072  0.3     52 0.379 0.375  0.550  0.909  0.368  0.441 
 48    21     131072  0.35    51 0.381 0.383  0.567  0.774  0.423  0.498 
 49    21     131072  0.4     52 0.496 0.527  0.534  0.956  0.584  0.588 
 50    21     131072  0.45    60 0.750 0.755  0.739  0.948  0.719  0.740 
 51    21     131072  0.5     53 0.783 0.748  0.765  0.995  0.686  0.744 
 52    21     131072  0.55    61 0.934 0.879  0.931  0.994  0.883  1.16  
 53    21     131072  0.6     58 1.27  1.24   1.27   1.46   1.18   1.40  
 54    21     131072  0.65    60 1.32  1.28   1.48   1.50   1.25   1.43  
 55    21     131072  0.7     61 1.40  1.46   1.45   1.58   1.39   1.44  
 56    21     131072  0.75    64 1.64  1.65   1.77   1.77   1.60   1.65  
 57    21     131072  0.8     59 1.40  1.38   1.48   1.33   1.29   1.36  
 58    21     131072  0.85    61 1.92  1.90   1.88   1.88   1.91   1.89  
 59    21     131072  0.9     52 1.31  1.33   1.40   1.51   1.35   1.43  
 60    21     131072  0.95    34 0.634 0.624  0.683  0.672  0.648  0.660 
 61    31       8192  0       52 0.932 0.209  0.510  0.448  0.241  0.538 
 62    31       8192  0.05    50 1.01  0.338  1.09   0.998  0.326  0.977 
 63    31       8192  0.1     48 0.903 0.438  1.23   1.04   0.356  1.26  
 64    31       8192  0.15    55 0.862 0.555  1.53   1.26   0.502  1.44  
 65    31       8192  0.2     52 0.812 0.596  1.57   1.64   0.492  1.86  
 66    31       8192  0.25    46 1.04  0.478  1.50   1.52   0.537  1.40  
 67    31       8192  0.3     52 0.947 0.678  1.99   1.61   0.796  1.96  
 68    31       8192  0.35    52 1.16  0.798  1.80   1.63   0.705  1.81  
 69    31       8192  0.4     56 1.10  0.882  1.67   2.00   0.881  1.70  
 70    31       8192  0.45    44 1.04  0.757  1.64   1.94   0.841  1.68  
 71    31       8192  0.5     55 1.19  0.685  1.85   2.17   0.739  1.94  
 72    31       8192  0.55    53 1.20  0.955  2.04   2.27   0.855  1.76  
 73    31       8192  0.6     49 1.32  1.12   1.76   2.35   1.17   1.99  
 74    31       8192  0.65    54 1.39  1.05   2.01   2.22   1.10   2.12  
 75    31       8192  0.7     57 1.81  1.57   2.46   2.49   1.47   2.12  
 76    31       8192  0.75    49 1.13  1.04   1.80   2.15   1.03   1.50  
 77    31       8192  0.8     45 1.10  0.928  1.59   1.87   0.804  1.26  
 78    31       8192  0.85    56 1.53  1.44   1.82   2.13   1.34   1.73  
 79    31       8192  0.9     50 1.19  0.966  1.22   1.15   1.11   1.29  
 80    31       8192  0.95    35 0.561 0.512  0.539  0.576  0.489  0.527 
 81    31      32768  0       52 0.505 0.102  0.247  0.222  0.127  0.274 
 82    31      32768  0.05    50 0.487 0.175  0.480  0.438  0.146  0.403 
 83    31      32768  0.1     48 0.476 0.188  0.555  0.517  0.224  0.604 
 84    31      32768  0.15    55 0.562 0.358  0.626  0.804  0.276  0.732 
 85    31      32768  0.2     52 0.591 0.303  0.823  0.762  0.265  0.835 
 86    31      32768  0.25    46 0.539 0.311  0.717  0.784  0.221  0.593 
 87    31      32768  0.3     52 0.611 0.392  0.869  0.871  0.444  1.03  
 88    31      32768  0.35    52 0.726 0.498  0.781  0.785  0.466  1.08  
 89    31      32768  0.4     56 0.674 0.593  1.03   0.981  0.538  1.17  
 90    31      32768  0.45    44 0.556 0.431  0.932  0.778  0.486  0.980 
 91    31      32768  0.5     55 0.716 0.564  1.08   1.29   0.537  0.969 
 92    31      32768  0.55    53 0.825 0.818  1.11   1.02   0.600  1.17  
 93    31      32768  0.6     49 1.16  0.998  1.34   1.40   0.965  1.37  
 94    31      32768  0.65    54 1.05  0.936  1.26   1.37   0.914  1.15  
 95    31      32768  0.7     57 1.38  1.43   1.72   1.68   1.38   1.73  
 96    31      32768  0.75    49 1.02  0.966  1.28   1.17   0.944  1.08  
 97    31      32768  0.8     45 0.910 0.905  1.13   1.15   0.881  0.913 
 98    31      32768  0.85    56 1.48  1.44   1.52   1.72   1.31   1.47  
 99    31      32768  0.9     50 1.11  1.04   0.936  1.07   1.12   1.13  
100    31      32768  0.95    35 0.506 0.501  0.519  0.468  0.483  0.475 
101    31     131072  0       52 0.225 0.0639 0.116  0.122  0.0569 0.133 
102    31     131072  0.05    50 0.220 0.120  0.219  0.222  0.110  0.221 
103    31     131072  0.1     48 0.252 0.0990 0.289  0.237  0.114  0.291 
104    31     131072  0.15    55 0.291 0.212  0.484  0.414  0.215  0.394 
105    31     131072  0.2     52 0.321 0.204  0.411  0.369  0.211  0.350 
106    31     131072  0.25    46 0.335 0.241  0.345  0.378  0.254  0.326 
107    31     131072  0.3     52 0.404 0.318  0.534  0.501  0.348  0.551 
108    31     131072  0.35    52 0.485 0.331  0.610  0.553  0.435  0.525 
109    31     131072  0.4     56 0.513 0.525  0.888  0.626  0.522  0.727 
110    31     131072  0.45    44 0.437 0.389  0.534  0.549  0.462  0.659 
111    31     131072  0.5     55 0.636 0.550  0.661  0.797  0.572  0.590 
112    31     131072  0.55    53 0.733 0.744  0.789  0.695  0.657  0.676 
113    31     131072  0.6     49 0.949 0.960  1.05   1.14   0.972  1.08  
114    31     131072  0.65    54 0.867 0.920  1.00   0.959  0.864  0.927 
115    31     131072  0.7     57 1.35  1.39   1.53   1.52   1.37   1.37  
116    31     131072  0.75    49 0.925 0.974  1.06   0.986  0.938  0.930 
117    31     131072  0.8     45 0.937 0.885  0.936  1.00   0.913  0.843 
118    31     131072  0.85    56 1.44  1.44   1.46   1.55   1.41   1.39  
119    31     131072  0.9     50 1.06  1.12   0.987  1.24   1.14   1.10  
120    31     131072  0.95    35 0.496 0.496  0.516  0.499  0.488  0.487 
