# A tibble: 6 × 12
# Groups:   k, sketchsize, bin [6]
    bin     k sketchsize     n   BD1   BD2   BD4   BD8 Dash1  FSS1  Mash   SS1
  <dbl> <int>      <int> <int> <dbl> <dbl> <dbl> <dbl> <dbl> <dbl> <dbl> <dbl>
1     0    21       8192   964 0.750 0.974 1.28  2.02  1.08  0.773 1.78  0.812
2     0    21      32768   964 0.676 0.682 0.727 0.974 0.705 0.668 0.870 0.651
3     0    21     131072   964 0.648 0.615 0.645 0.681 0.642 0.628 0.764 0.615
4     0    31       8192   964 0.600 0.747 1.05  1.75  0.912 0.583 1.94  0.594
5     0    31      32768   964 0.480 0.491 0.573 0.746 0.573 0.475 0.764 0.463
6     0    31     131072   964 0.473 0.450 0.455 0.491 0.477 0.461 0.544 0.456
