# A tibble: 120 × 10
# Groups:   k, sketchsize, bin [120]
        k sketchsize   bin     n    Dash1      FSS1     FSS8     Mash       SS1      SS8
    <int>      <int> <dbl> <int>    <dbl>     <dbl>    <dbl>    <dbl>     <dbl>    <dbl>
  1    21       8192  0       29 0.0169   0.000854  0.00553  0.00458  0.000545  0.00497 
  2    21       8192  0.05    33 0.0180   0.00371   0.0280   0.0201   0.00305   0.0136  
  3    21       8192  0.1     37 0.0265   0.00427   0.0292   0.0277   0.00452   0.0285  
  4    21       8192  0.15    37 0.0230   0.00555   0.0493   0.0362   0.00546   0.0592  
  5    21       8192  0.2     50 0.0262   0.0137    0.0515   0.0860   0.00998   0.0771  
  6    21       8192  0.25    46 0.0319   0.0115    0.0457   0.0607   0.0162    0.0562  
  7    21       8192  0.3     52 0.0423   0.0163    0.0453   0.0563   0.0121    0.121   
  8    21       8192  0.35    51 0.0296   0.0177    0.0923   0.0773   0.0109    0.0933  
  9    21       8192  0.4     52 0.0416   0.0135    0.0720   0.0983   0.0171    0.122   
 10    21       8192  0.45    60 0.0493   0.0160    0.0539   0.0974   0.0327    0.114   
 11    21       8192  0.5     53 0.0356   0.0344    0.113    0.121    0.0248    0.0954  
 12    21       8192  0.55    61 0.0631   0.0402    0.122    0.0977   0.0488    0.125   
 13    21       8192  0.6     58 0.125    0.105     0.191    0.167    0.114     0.212   
 14    21       8192  0.65    60 0.0929   0.0808    0.175    0.160    0.0921    0.198   
 15    21       8192  0.7     61 0.125    0.0923    0.170    0.219    0.0956    0.201   
 16    21       8192  0.75    64 0.0950   0.0743    0.141    0.134    0.0678    0.138   
 17    21       8192  0.8     59 0.0715   0.0694    0.177    0.104    0.0704    0.121   
 18    21       8192  0.85    61 0.120    0.110     0.129    0.129    0.117     0.161   
 19    21       8192  0.9     52 0.0497   0.0500    0.0721   0.0783   0.0537    0.0616  
 20    21       8192  0.95    34 0.0165   0.0169    0.0202   0.0206   0.0165    0.0189  
 21    21      32768  0       29 0.00357  0.000154  0.00135  0.000873 0.000222  0.00124 
 22    21      32768  0.05    33 0.00471  0.00112   0.00660  0.00462  0.00125   0.00597 
 23    21      32768  0.1     37 0.00656  0.00146   0.00792  0.00833  0.00165   0.00995 
 24    21      32768  0.15    37 0.00761  0.00251   0.0103   0.00779  0.00171   0.0110  
 25    21      32768  0.2     50 0.0109   0.00428   0.0210   0.0196   0.00301   0.0135  
 26    21      32768  0.25    46 0.0113   0.00650   0.0205   0.0150   0.00547   0.0198  
 27    21      32768  0.3     52 0.0114   0.00749   0.0197   0.0159   0.00512   0.0253  
 28    21      32768  0.35    51 0.00940  0.00901   0.0282   0.0187   0.00518   0.0237  
 29    21      32768  0.4     52 0.0151   0.0107    0.0237   0.0335   0.0105    0.0346  
 30    21      32768  0.45    60 0.0180   0.0158    0.0341   0.0321   0.0118    0.0672  
 31    21      32768  0.5     53 0.0167   0.0182    0.0415   0.0271   0.0127    0.0245  
 32    21      32768  0.55    61 0.0333   0.0290    0.0570   0.0445   0.0375    0.0502  
 33    21      32768  0.6     58 0.111    0.100     0.112    0.124    0.108     0.135   
 34    21      32768  0.65    60 0.0722   0.0717    0.0919   0.0902   0.0745    0.117   
 35    21      32768  0.7     61 0.0924   0.0902    0.0980   0.117    0.0848    0.109   
 36    21      32768  0.75    64 0.0613   0.0681    0.0766   0.0690   0.0624    0.0879  
 37    21      32768  0.8     59 0.0574   0.0608    0.0744   0.0610   0.0585    0.0842  
 38    21      32768  0.85    61 0.107    0.107     0.106    0.106    0.104     0.126   
 39    21      32768  0.9     52 0.0454   0.0485    0.0538   0.0588   0.0474    0.0498  
 40    21      32768  0.95    34 0.0149   0.0157    0.0175   0.0189   0.0157    0.0159  
 41    21     131072  0       29 0.000651 0.0000488 0.000183 0.000204 0.0000489 0.000143
 42    21     131072  0.05    33 0.00150  0.000259  0.00202  0.00118  0.000358  0.00172 
 43    21     131072  0.1     37 0.00157  0.000587  0.00225  0.00217  0.000516  0.00195 
 44    21     131072  0.15    37 0.00205  0.000849  0.00358  0.00298  0.000507  0.00315 
 45    21     131072  0.2     50 0.00293  0.00208   0.00526  0.00810  0.00176   0.00507 
 46    21     131072  0.25    46 0.00580  0.00445   0.00621  0.00895  0.00361   0.00843 
 47    21     131072  0.3     52 0.00472  0.00450   0.0109   0.0215   0.00397   0.00564 
 48    21     131072  0.35    51 0.00482  0.00468   0.0100   0.0168   0.00486   0.00755 
 49    21     131072  0.4     52 0.00882  0.00881   0.00932  0.0289   0.0115    0.0124  
 50    21     131072  0.45    60 0.0145   0.0144    0.0152   0.0249   0.0136    0.0140  
 51    21     131072  0.5     53 0.0165   0.0162    0.0189   0.0296   0.0142    0.0164  
 52    21     131072  0.55    61 0.0314   0.0276    0.0320   0.0291   0.0277    0.0429  
 53    21     131072  0.6     58 0.102    0.0979    0.101    0.109    0.0976    0.108   
 54    21     131072  0.65    60 0.0714   0.0682    0.0806   0.0809   0.0694    0.0756  
 55    21     131072  0.7     61 0.0867   0.0875    0.0849   0.0929   0.0853    0.0868  
 56    21     131072  0.75    64 0.0627   0.0637    0.0753   0.0713   0.0597    0.0622  
 57    21     131072  0.8     59 0.0575   0.0588    0.0667   0.0587   0.0541    0.0613  
 58    21     131072  0.85    61 0.107    0.106     0.109    0.103    0.104     0.103   
 59    21     131072  0.9     52 0.0461   0.0473    0.0506   0.0571   0.0473    0.0524  
 60    21     131072  0.95    34 0.0153   0.0149    0.0172   0.0178   0.0158    0.0168  
 61    31       8192  0       52 0.0277   0.00179   0.0102   0.00786  0.00200   0.0111  
 62    31       8192  0.05    50 0.0315   0.00371   0.0362   0.0285   0.00302   0.0277  
 63    31       8192  0.1     48 0.0266   0.00598   0.0478   0.0391   0.00388   0.0559  
 64    31       8192  0.15    55 0.0215   0.00781   0.0662   0.0477   0.00794   0.0585  
 65    31       8192  0.2     52 0.0182   0.00992   0.0695   0.0833   0.00744   0.0944  
 66    31       8192  0.25    46 0.0349   0.00844   0.0731   0.0787   0.00834   0.0713  
 67    31       8192  0.3     52 0.0275   0.0137    0.116    0.0769   0.0196    0.108   
 68    31       8192  0.35    52 0.0443   0.0165    0.0887   0.0849   0.0136    0.104   
 69    31       8192  0.4     56 0.0326   0.0249    0.0784   0.108    0.0212    0.0937  
 70    31       8192  0.45    44 0.0389   0.0194    0.0947   0.148    0.0260    0.0972  
 71    31       8192  0.5     55 0.0439   0.0143    0.0981   0.162    0.0174    0.104   
 72    31       8192  0.55    53 0.0485   0.0311    0.129    0.147    0.0314    0.0915  
 73    31       8192  0.6     49 0.119    0.0998    0.141    0.198    0.0997    0.175   
 74    31       8192  0.65    54 0.0826   0.0508    0.124    0.148    0.0603    0.153   
 75    31       8192  0.7     57 0.118    0.0798    0.169    0.158    0.0813    0.145   
 76    31       8192  0.75    49 0.0382   0.0386    0.0934   0.130    0.0387    0.0705  
 77    31       8192  0.8     45 0.0501   0.0367    0.0845   0.119    0.0328    0.0603  
 78    31       8192  0.85    56 0.0752   0.0737    0.0964   0.122    0.0684    0.0910  
 79    31       8192  0.9     50 0.0456   0.0368    0.0490   0.0446   0.0431    0.0560  
 80    31       8192  0.95    35 0.0125   0.0104    0.0121   0.0136   0.00938   0.0118  
 81    31      32768  0       52 0.00786  0.000337  0.00289  0.00208  0.000505  0.00267 
 82    31      32768  0.05    50 0.00739  0.00125   0.00659  0.00706  0.000741  0.00488 
 83    31      32768  0.1     48 0.00704  0.00122   0.0118   0.00810  0.00161   0.0116  
 84    31      32768  0.15    55 0.00970  0.00366   0.0115   0.0184   0.00314   0.0163  
 85    31      32768  0.2     52 0.0105   0.00324   0.0218   0.0166   0.00332   0.0196  
 86    31      32768  0.25    46 0.00928  0.00288   0.0175   0.0186   0.00200   0.0137  
 87    31      32768  0.3     52 0.0119   0.00474   0.0224   0.0220   0.00555   0.0320  
 88    31      32768  0.35    52 0.0146   0.00822   0.0177   0.0180   0.00653   0.0297  
 89    31      32768  0.4     56 0.0125   0.0109    0.0286   0.0296   0.00978   0.0356  
 90    31      32768  0.45    44 0.0112   0.00637   0.0302   0.0205   0.00915   0.0329  
 91    31      32768  0.5     55 0.0146   0.0103    0.0304   0.0518   0.00951   0.0256  
 92    31      32768  0.55    53 0.0256   0.0213    0.0392   0.0338   0.0183    0.0444  
 93    31      32768  0.6     49 0.104    0.0892    0.111    0.120    0.0873    0.121   
 94    31      32768  0.65    54 0.0543   0.0482    0.0588   0.0714   0.0465    0.0588  
 95    31      32768  0.7     57 0.0802   0.0769    0.0953   0.0950   0.0769    0.0999  
 96    31      32768  0.75    49 0.0322   0.0312    0.0548   0.0463   0.0284    0.0409  
 97    31      32768  0.8     45 0.0377   0.0348    0.0467   0.0462   0.0368    0.0385  
 98    31      32768  0.85    56 0.0770   0.0725    0.0798   0.0915   0.0659    0.0777  
 99    31      32768  0.9     50 0.0418   0.0380    0.0374   0.0402   0.0416    0.0450  
100    31      32768  0.95    35 0.0105   0.0101    0.0105   0.00909  0.00944   0.00919 
101    31     131072  0       52 0.00160  0.000167  0.000499 0.000529 0.000141  0.000604
102    31     131072  0.05    50 0.00163  0.000407  0.00166  0.00149  0.000379  0.00156 
103    31     131072  0.1     48 0.00243  0.000308  0.00253  0.00188  0.000468  0.00270 
104    31     131072  0.15    55 0.00277  0.00126   0.00597  0.00450  0.00156   0.00471 
105    31     131072  0.2     52 0.00358  0.00191   0.00598  0.00437  0.00231   0.00427 
106    31     131072  0.25    46 0.00352  0.00224   0.00408  0.00545  0.00237   0.00392 
107    31     131072  0.3     52 0.00507  0.00322   0.00870  0.00917  0.00407   0.00965 
108    31     131072  0.35    52 0.00717  0.00398   0.0111   0.00930  0.00589   0.00797 
109    31     131072  0.4     56 0.00863  0.00832   0.0218   0.0158   0.00845   0.0144  
110    31     131072  0.45    44 0.00710  0.00551   0.0102   0.00972  0.00719   0.0149  
111    31     131072  0.5     55 0.0118   0.0103    0.0123   0.0175   0.0105    0.0111  
112    31     131072  0.55    53 0.0216   0.0191    0.0240   0.0204   0.0170    0.0191  
113    31     131072  0.6     49 0.0893   0.0888    0.0913   0.0998   0.0881    0.0981  
114    31     131072  0.65    54 0.0459   0.0489    0.0480   0.0455   0.0433    0.0522  
115    31     131072  0.7     57 0.0763   0.0750    0.0803   0.0845   0.0758    0.0792  
116    31     131072  0.75    49 0.0296   0.0324    0.0376   0.0373   0.0286    0.0318  
117    31     131072  0.8     45 0.0380   0.0340    0.0358   0.0408   0.0368    0.0356  
118    31     131072  0.85    56 0.0736   0.0739    0.0721   0.0798   0.0714    0.0698  
119    31     131072  0.9     50 0.0393   0.0410    0.0373   0.0464   0.0422    0.0417  
120    31     131072  0.95    35 0.0101   0.0101    0.0107   0.0101   0.00968   0.00962 
