##Options: Namespace(fnames='sampled_fns.txt', k=['31'], nrepeat=3, nthreads=['96'], sketchsize=['1024'])
##Results for sampled_fns.txt
#Method	k	NumReg	RegisterSize	NumThreads	SketchTime	DistanceTime
PMH-bin-0.5-10000000	31	256	0.5	96	509.12434344459325	21.618021745234728
PMH-bin-0.5-2500000	31	256	0.5	96	447.00330097042024	21.291016524657607
PMH-bin-0.5-500000	31	256	0.5	96	339.10237411409616	12.831620872020721
PMH-txt-0.5-10000000	31	256	0.5	96	546.6920703044161	272.65176450647414
PMH-txt-0.5-2500000	31	256	0.5	96	479.0921554500237	21.485524766147137
PMH-txt-0.5-500000	31	256	0.5	96	409.4434663951397	21.53485157713294
PMH-bin-1-10000000	31	256	1	96	509.6034361515194	14.432828513905406
PMH-bin-1-2500000	31	256	1	96	441.2027248200029	15.768150732852519
PMH-bin-1-500000	31	256	1	96	325.7494643079117	13.106417670845985
PMH-txt-1-10000000	31	256	1	96	529.1931301197037	24.701300347223878
PMH-txt-1-2500000	31	256	1	96	475.69396934099495	70.95014165434986
PMH-txt-1-500000	31	256	1	96	394.5877780476585	23.67618976160884
PMH-bin-2-10000000	31	256	2	96	506.8694597641006	13.36775931622833
PMH-bin-2-2500000	31	256	2	96	442.49620503000915	11.619561241939664
PMH-bin-2-500000	31	256	2	96	322.0089738732204	11.721026448532939
PMH-txt-2-10000000	31	256	2	96	522.6856864932925	21.08189714793116
PMH-txt-2-2500000	31	256	2	96	475.83679183758795	19.808168152347207
PMH-txt-2-500000	31	256	2	96	380.95034332294017	20.124612184241414
PMH-bin-4-10000000	31	256	4	96	505.46330766100436	11.9969533495605
PMH-bin-4-2500000	31	256	4	96	442.9057161780074	12.520063508301973
PMH-bin-4-500000	31	256	4	96	316.4185701832175	11.290378456935287
PMH-txt-4-10000000	31	256	4	96	519.6878676060587	18.75716654676944
PMH-txt-4-2500000	31	256	4	96	465.6488577174023	18.66941054072231
PMH-txt-4-500000	31	256	4	96	367.6972751598805	20.940984308719635
PMH-bin-8-10000000	31	256	8	96	508.39693045336753	8.982807582244277
PMH-bin-8-2500000	31	256	8	96	442.39516944624484	7.531951833516359
PMH-bin-8-500000	31	256	8	96	313.3878005426377	4.869078238494694
PMH-txt-8-10000000	31	256	8	96	513.0622129095718	10.214747635647655
PMH-txt-8-2500000	31	256	8	96	457.53837128169835	12.111682787537575
PMH-txt-8-500000	31	256	8	96	352.79050506372005	10.144995335489511
PMH-bin-0.5-10000000	31	512	0.5	96	509.5855600349605	13.748147141188383
PMH-bin-0.5-2500000	31	512	0.5	96	445.95815692842007	14.635842990130186
PMH-bin-0.5-500000	31	512	0.5	96	326.2512028440833	26.670750129967928
PMH-bin-1-10000000	31	512	1	96	510.2604579888284	16.746593218296766
PMH-bin-1-2500000	31	512	1	96	443.82001620158553	14.568049244582653
PMH-bin-1-500000	31	512	1	96	313.85655062645674	12.946423195302486
PMH-bin-2-10000000	31	512	2	96	506.108135279268	12.930024415254593
PMH-bin-2-2500000	31	512	2	96	440.04516346380115	13.332922779023647
PMH-bin-2-500000	31	512	2	96	313.57826917245984	13.31841691210866
PMH-txt-2-2500000	31	512	2	96	465.43630123883486	20.32050708681345
PMH-txt-2-500000	31	512	2	96	364.36156027391553	21.61273877695203
PMH-bin-4-10000000	31	512	4	96	511.5254002325237	12.136272247880697
PMH-bin-4-2500000	31	512	4	96	440.4728350676596	10.959342427551746
PMH-bin-4-500000	31	512	4	96	316.091849360615	10.672855786979198
PMH-txt-4-10000000	31	512	4	96	515.8134020194411	20.432709485292435
PMH-txt-4-2500000	31	512	4	96	458.4387574568391	19.23822821676731
PMH-txt-4-500000	31	512	4	96	349.39430110529065	52.040814854204655
PMH-bin-8-10000000	31	512	8	96	505.2466530688107	8.082308027893305
PMH-bin-8-2500000	31	512	8	96	440.80561796948314	8.215069700032473
PMH-bin-8-500000	31	512	8	96	320.30423687398434	8.780170761048794
PMH-txt-8-10000000	31	512	8	96	510.73859728500247	16.330661039799452
PMH-txt-8-2500000	31	512	8	96	451.9908739961684	13.951097633689642
PMH-txt-8-500000	31	512	8	96	335.38781037554145	13.09485762193799
PMH-bin-0.5-10000000	31	1024	0.5	96	514.6796486079693	14.349778827279806
PMH-bin-0.5-2500000	31	1024	0.5	96	450.5880532115698	15.243056330829859
PMH-bin-0.5-500000	31	1024	0.5	96	320.1661908775568	13.185743421316147
PMH-txt-0.5-10000000	31	1024	0.5	96	539.4543640427291	23.75991588830948
PMH-txt-0.5-2500000	31	1024	0.5	96	523.8195066712797	22.31967182829976
PMH-txt-0.5-500000	31	1024	0.5	96	380.2627670876682	85.24373403191566
PMH-bin-1-10000000	31	1024	1	96	515.5925052314997	14.456512682139874
PMH-bin-1-2500000	31	1024	1	96	451.58432926237583	14.382373973727226
PMH-bin-1-500000	31	1024	1	96	317.52300922200084	14.720295567065477
PMH-txt-1-10000000	31	1024	1	96	532.8564882203937	25.443015929311514
PMH-txt-1-2500000	31	1024	1	96	463.8883768208325	25.985041320323944
PMH-txt-1-500000	31	1024	1	96	363.16872150823474	26.039251513779163
PMH-bin-2-10000000	31	1024	2	96	512.8664475493133	12.786459565162659
PMH-bin-2-2500000	31	1024	2	96	448.92664343491197	12.204283833503723
PMH-bin-2-500000	31	1024	2	96	314.187439147383	11.67038245126605
PMH-txt-2-10000000	31	1024	2	96	526.5847859494388	21.978689197450876
PMH-txt-2-2500000	31	1024	2	96	455.7811217010021	20.68543915078044
PMH-txt-2-500000	31	1024	2	96	349.60550363361835	19.38621998205781
PMH-bin-4-10000000	31	1024	4	96	514.8857943601906	12.585798505693674
PMH-bin-4-2500000	31	1024	4	96	444.0546860061586	12.291324146091938
PMH-bin-4-500000	31	1024	4	96	318.2584403939545	12.166975766420364
PMH-txt-4-10000000	31	1024	4	96	517.8035255298018	22.183342844247818
PMH-txt-4-2500000	31	1024	4	96	460.4760604798794	20.52166022732854
PMH-txt-4-500000	31	1024	4	96	382.44347605109215	19.028304018080235
PMH-bin-8-10000000	31	1024	8	96	512.3272507190704	8.25948092713952
PMH-bin-8-2500000	31	1024	8	96	444.6068679206073	8.3408068343997
PMH-bin-8-500000	31	1024	8	96	310.0387419760227	7.934601329267025
PMH-txt-8-10000000	31	1024	8	96	516.1513871662319	17.75024962425232
PMH-txt-8-2500000	31	1024	8	96	459.61815514042974	16.08129782229662
PMH-txt-8-500000	31	1024	8	96	326.65190890803933	59.56710010394454
PMH-bin-0.5-10000000	31	2048	0.5	96	546.8148981742561	18.864738181233406
PMH-bin-0.5-2500000	31	2048	0.5	96	451.2373762205243	14.443483006209135
PMH-bin-0.5-500000	31	2048	0.5	96	330.54911497980356	14.522549543529749
PMH-txt-0.5-10000000	31	2048	0.5	96	532.004740063101	23.82820989564061
PMH-txt-0.5-2500000	31	2048	0.5	96	485.0125882960856	78.78617981821299
PMH-txt-0.5-500000	31	2048	0.5	96	358.7894486486912	23.946438051760197
PMH-bin-1-10000000	31	2048	1	96	522.1531609930098	14.254344280809164
PMH-bin-1-2500000	31	2048	1	96	451.57432725280523	14.602633368223906
PMH-bin-1-500000	31	2048	1	96	322.03268656134605	13.363131489604712
PMH-txt-1-10000000	31	2048	1	96	541.6713820844889	71.22310654819012
PMH-txt-1-2500000	31	2048	1	96	478.2367344535887	26.1593187302351
PMH-txt-1-500000	31	2048	1	96	346.4098624959588	29.535772562026978
PMH-bin-2-10000000	31	2048	2	96	518.4954572543502	14.277031477540731
PMH-bin-2-2500000	31	2048	2	96	454.97436843439937	13.263276301324368
PMH-bin-2-500000	31	2048	2	96	331.3381568454206	13.255588974803686
PMH-txt-2-10000000	31	2048	2	96	532.1391681842506	21.533592484891415
PMH-txt-2-2500000	31	2048	2	96	463.55541453137994	21.28005425632
PMH-txt-2-500000	31	2048	2	96	332.1720966026187	21.762722223997116
PMH-bin-4-10000000	31	2048	4	96	518.709758233279	16.808001946657896
PMH-bin-4-2500000	31	2048	4	96	450.7844427637756	18.116509079933167
PMH-bin-4-500000	31	2048	4	96	322.4504667557776	18.376469865441322
PMH-txt-4-10000000	31	2048	4	96	526.3991510868073	26.14002476260066
PMH-txt-4-2500000	31	2048	4	96	481.4592846222222	24.256823353469372
PMH-txt-4-500000	31	2048	4	96	337.99876003339887	23.805202536284924
PMH-bin-8-10000000	31	2048	8	96	521.4686397723854	13.47653067484498
PMH-bin-8-2500000	31	2048	8	96	448.0000628679991	13.330685012042522
PMH-bin-8-500000	31	2048	8	96	315.43248408287764	15.150063045322895
PMH-txt-8-10000000	31	2048	8	96	526.4036799371243	23.812786266207695
PMH-txt-8-2500000	31	2048	8	96	455.98679811134934	20.759874153882265
PMH-txt-8-500000	31	2048	8	96	325.1505087353289	19.061915829777718
PMH-bin-0.5-10000000	31	4096	0.5	96	533.9309197850525	16.768560141324997
PMH-bin-0.5-2500000	31	4096	0.5	96	457.99518862366676	14.185163587331772
PMH-bin-0.5-500000	31	4096	0.5	96	318.84071085602045	14.104631468653679
PMH-txt-0.5-10000000	31	4096	0.5	96	633.839922145009	23.902728479355574
PMH-txt-0.5-2500000	31	4096	0.5	96	475.85217939317226	24.89938486367464
PMH-txt-0.5-500000	31	4096	0.5	96	335.7498405762017	24.23650797456503
PMH-bin-1-10000000	31	4096	1	96	528.6015039682388	15.576514691114426
PMH-bin-1-2500000	31	4096	1	96	455.45347772166133	14.897291950881481
PMH-bin-1-500000	31	4096	1	96	316.96001367270947	14.858427166938782
PMH-txt-1-10000000	31	4096	1	96	543.188232973218	26.78159800171852
PMH-txt-1-2500000	31	4096	1	96	488.13857655227184	24.990927539765835
PMH-txt-1-500000	31	4096	1	96	326.84147657826543	63.95882808417082
PMH-bin-2-10000000	31	4096	2	96	532.2705981433392	16.210590049624443
PMH-bin-2-2500000	31	4096	2	96	453.5383171029389	16.437576361000538
PMH-bin-2-500000	31	4096	2	96	311.8236885815859	15.715856604278088
PMH-txt-2-10000000	31	4096	2	96	531.785796739161	25.286148004233837
PMH-txt-2-2500000	31	4096	2	96	464.43979815393686	25.37226812914014
PMH-txt-2-500000	31	4096	2	96	330.9563008695841	25.212741650640965
PMH-bin-4-10000000	31	4096	4	96	524.9727090857923	24.906959757208824
PMH-bin-4-2500000	31	4096	4	96	451.92891412600875	24.044699128717184
PMH-bin-4-500000	31	4096	4	96	318.8086441271007	24.138592682778835
PMH-txt-4-10000000	31	4096	4	96	531.2205442935228	31.7785237506032
PMH-txt-4-2500000	31	4096	4	96	464.14114040881395	32.50205531343818
PMH-txt-4-500000	31	4096	4	96	322.8285706564784	32.099970139563084
PMH-bin-8-10000000	31	4096	8	96	519.011504098773	22.93602278828621
PMH-bin-8-2500000	31	4096	8	96	452.36894761025906	23.399583000689745
PMH-bin-8-500000	31	4096	8	96	318.5418821424246	23.045066844671965
PMH-txt-8-10000000	31	4096	8	96	523.688251439482	32.68014092743397
PMH-txt-8-2500000	31	4096	8	96	459.80295004323125	32.40452182292938
PMH-txt-8-500000	31	4096	8	96	333.4728354625404	29.95905999839306
PMH-bin-0.5-10000000	31	8192	0.5	96	570.1061796210706	16.316547609865665
PMH-bin-0.5-2500000	31	8192	0.5	96	480.13970320671797	15.815596714615822
PMH-bin-0.5-500000	31	8192	0.5	96	338.7315335534513	14.690590746700764
PMH-txt-0.5-10000000	31	8192	0.5	96	577.1576125361025	25.53456725925207
PMH-txt-0.5-2500000	31	8192	0.5	96	486.1149136647582	24.822958040982485
PMH-txt-0.5-500000	31	8192	0.5	96	493.45667858049273	25.78733491525054
PMH-bin-1-10000000	31	8192	1	96	569.0635543316603	17.75424813479185
PMH-bin-1-2500000	31	8192	1	96	468.1529873535037	18.1156632527709
PMH-bin-1-500000	31	8192	1	96	341.69115279614925	16.647645957767963
PMH-txt-1-10000000	31	8192	1	96	567.8503674939275	153.26362636312842
PMH-txt-1-2500000	31	8192	1	96	478.8268327303231	29.037601869553328
PMH-txt-1-500000	31	8192	1	96	350.1184126138687	52.81200570240617
PMH-bin-2-10000000	31	8192	2	96	555.7921724021435	21.25437866151333
PMH-bin-2-2500000	31	8192	2	96	479.819672357291	20.62796137854457
PMH-bin-2-500000	31	8192	2	96	332.0680996477604	20.544161327183247
PMH-txt-2-10000000	31	8192	2	96	567.5339923128486	29.823207393288612
PMH-txt-2-2500000	31	8192	2	96	483.15086440742016	55.28576884791255
PMH-txt-2-500000	31	8192	2	96	345.2724990993738	28.393122658133507
PMH-bin-4-10000000	31	8192	4	96	543.65032864362	39.080007553100586
PMH-bin-4-2500000	31	8192	4	96	468.81004935875535	36.774486254900694
PMH-bin-4-500000	31	8192	4	96	333.28142534941435	38.330058723688126
PMH-txt-4-10000000	31	8192	4	96	565.8611966967583	45.20098365098238
PMH-txt-4-2500000	31	8192	4	96	478.0885001271963	44.76512821018696
PMH-txt-4-500000	31	8192	4	96	352.0256571546197	45.0498510338366
PMH-bin-8-10000000	31	8192	8	96	543.6519172377884	58.02611096948385
PMH-bin-8-2500000	31	8192	8	96	468.07191954925656	53.554076325148344
PMH-bin-8-500000	31	8192	8	96	333.23531068116426	52.79856748506427
PMH-txt-8-10000000	31	8192	8	96	552.1198396757245	55.32745033875108
PMH-txt-8-2500000	31	8192	8	96	484.05317871272564	57.212568670511246
PMH-txt-8-500000	31	8192	8	96	343.07927824929357	68.5760240405798
PMH-bin-0.5-10000000	31	16384	0.5	96	631.3508040979505	18.7287336923182
PMH-bin-0.5-2500000	31	16384	0.5	96	549.3486498743296	18.1717674061656
PMH-bin-0.5-500000	31	16384	0.5	96	391.8321757540107	17.80020087212324
PMH-txt-0.5-10000000	31	16384	0.5	96	675.4746283106506	49.42766281589866
PMH-txt-0.5-2500000	31	16384	0.5	96	589.051571752876	44.28070343285799
PMH-txt-0.5-500000	31	16384	0.5	96	408.4400314055383	49.86256396397948
PMH-bin-1-10000000	31	16384	1	96	618.3630482144654	22.778389286249876
PMH-bin-1-2500000	31	16384	1	96	537.3682781904936	22.230697188526392
PMH-bin-1-500000	31	16384	1	96	379.38321558758616	21.644885536283255
PMH-txt-1-10000000	31	16384	1	96	677.8645945973694	120.17167491838336
PMH-txt-1-2500000	31	16384	1	96	595.6104270517826	57.034411147236824
PMH-txt-1-500000	31	16384	1	96	408.3612271845341	65.91093895211816
PMH-bin-2-10000000	31	16384	2	96	610.9118065908551	33.468586307018995
PMH-bin-2-2500000	31	16384	2	96	525.6204008795321	33.24317828938365
PMH-bin-2-500000	31	16384	2	96	365.50320215523243	31.477041970938444
PMH-txt-2-10000000	31	16384	2	96	789.4225524738431	50.34848365187645
PMH-txt-2-2500000	31	16384	2	96	602.360499098897	43.80432320013642
PMH-txt-2-500000	31	16384	2	96	399.13188729062676	48.59095523506403
PMH-bin-4-10000000	31	16384	4	96	603.6780994981527	69.24681825563312
PMH-bin-4-2500000	31	16384	4	96	518.9830302074552	68.50870504975319
PMH-bin-4-500000	31	16384	4	96	356.78183897957206	67.67579890787601
PMH-txt-4-10000000	31	16384	4	96	702.5690408870578	76.9957427084446
PMH-txt-4-2500000	31	16384	4	96	551.2079323790967	93.1744268797338
PMH-txt-4-500000	31	16384	4	96	405.1565638333559	69.03274958580732
PMH-bin-8-10000000	31	16384	8	96	595.7368728891015	185.44972974061966
PMH-bin-8-2500000	31	16384	8	96	508.9518474973738	183.8877986855805
PMH-bin-8-500000	31	16384	8	96	351.2285259217024	184.5242706090212
PMH-txt-8-10000000	31	16384	8	96	655.5899727344513	1399.2868211455643
PMH-txt-8-2500000	31	16384	8	96	565.3233955465257	179.87676786258817
PMH-txt-8-500000	31	16384	8	96	400.3317543938756	180.97208202630281
PMH-bin-0.5-10000000	31	32768	0.5	96	861.0190108073875	29.642410898581147
PMH-bin-0.5-2500000	31	32768	0.5	96	664.1510589336976	28.954700019210577
PMH-bin-0.5-500000	31	32768	0.5	96	472.72216181177646	27.04452442098409
PMH-bin-1-10000000	31	32768	1	96	749.1365582533181	43.16990042850375
PMH-bin-1-2500000	31	32768	1	96	642.7139292592183	33.4027658784762
PMH-bin-1-500000	31	32768	1	96	462.73969144467264	32.52731968462467
PMH-bin-2-10000000	31	32768	2	96	744.5831101806834	63.745723778381944
PMH-bin-2-2500000	31	32768	2	96	633.6505370885134	66.76381086930633
PMH-bin-2-500000	31	32768	2	96	451.80207311268896	63.13537896424532
PMH-bin-4-10000000	31	32768	4	96	730.2479864116758	207.65226814057678
PMH-bin-4-2500000	31	32768	4	96	623.8627776112407	209.20982028450817
PMH-bin-4-500000	31	32768	4	96	437.4011440416798	209.37003550678492
PMH-txt-4-2500000	31	32768	4	96	685.1370889181271	3301.459433359094
PMH-txt-4-500000	31	32768	4	96	477.3322815988213	3220.8523165630177
PMH-bin-8-10000000	31	32768	8	96	716.642509280704	640.5706009762362
PMH-bin-8-2500000	31	32768	8	96	611.2170348074287	630.4407339161262
PMH-bin-8-500000	31	32768	8	96	424.504353441298	640.3291688589379
PMH-txt-8-10000000	31	32768	8	96	765.1973128793761	637.5445266151801
PMH-txt-8-2500000	31	32768	8	96	706.4093232303858	2534.791184520349
PMH-txt-8-500000	31	32768	8	96	484.7916571525857	2156.9476964417845
