##Results for fns.txt = 118467 genomes
#Experiments performed on SKX node with 48 threads with hyperthreading enabled.
#Tool	k	sketchsize	bytes_per_reg	num_threads	sketch_time	dist_time
Mash	31	1024	8	96	2279.2951378505677	3600.2530635483563
Bindash-8	31	1024	8	96	2467.784151274711	211.83472321927547
Bindash-4	31	1024	4	96	2480.0642285291106	206.75088578090072
Bindash-2	31	1024	2	96	2466.4505924209952	209.73455735854805
Bindash-1	31	1024	1	96	2415.09613693133	206.97231160663068
Bindash-0.5	31	1024	0.5	96	2432.036835471168	213.09728821739554
Dashing1-bin	31	1024	1	96	1255.708958843723	758.6138364020735
Dashing1-txt	31	1024	1	96	489.09878199175	2884.7741670478135
D2OP-bin-8	31	1024	8	96	785.4444420598447	159.03514670580626
D2OP-bin-4	31	1024	4	96	932.7318843733519	182.70561332069337
D2OP-bin-2	31	1024	2	96	1131.1781711224467	182.01923581399024
D2OP-bin-1	31	1024	1	96	1330.6705434769392	160.222054021433
D2OP-bin-0.5	31	1024	0.5	96	1511.2729900944978	140.81778188981116
D2FSS-bin-8	31	1024	8	96	1930.814604561776	348.7857789620757
D2FSS-bin-4	31	1024	4	96	2097.7495503872633	276.0893473215401
D2FSS-bin-2	31	1024	2	96	2263.436224080622	185.48288104869425
D2FSS-bin-1	31	1024	1	96	2419.4566551595926	152.3024206031114
D2FSS-bin-0.5	31	1024	0.5	96	2588.319319235161	136.18700480647385
D2OP-txt-8	31	1024	8	96	2558.877528592944	494.0708935931325
D2OP-txt-4	31	1024	4	96	2697.997220011428	336.43619302101433
D2OP-txt-2	31	1024	2	96	2856.5537421032786	300.6062382571399
D2OP-txt-1	31	1024	1	96	3006.3836674652994	279.9352859072387
D2OP-txt-0.5	31	1024	0.5	96	3084.230766028166	294.12400268390775
D2FSS-txt-8	31	1024	8	96	2839.518939776346	355.07931780815125
D2FSS-txt-4	31	1024	4	96	3463.090462692082	2378.602921307087
D2FSS-txt-2	31	1024	2	96	3665.232410956174	519.4172259476036
D2FSS-txt-1	31	1024	1	96	3616.9607226252556	530.2805352341384
D2FSS-txt-0.5	31	1024	0.5	96	994.1420388687402	246.45095834322274
Mash	31	16384	8	96	8514.203919768333	71330.09399712086
Mash	31	2048	8	96	2350.2489522648975	5063.4335841862485
Bindash-8	31	2048	8	96	2494.670150739141	294.68497750815004
Bindash-4	31	2048	4	96	2487.342603556812	306.50941668171436
Bindash-2	31	2048	2	96	2440.251578146592	308.8772746762261
Bindash-1	31	2048	1	96	2424.775994163938	300.0452658170834
Bindash-0.5	31	2048	0.5	96	2452.971939381212	299.21544819604605
Dashing1-bin	31	2048	1	96	504.93009521998465	1117.2248442061245
Dashing1-txt	31	2048	1	96	614.9891619943082	2965.4970457348973
D2OP-bin-8	31	2048	8	96	813.5118451444432	300.3899114066735
D2OP-bin-4	31	2048	4	96	974.4936934718862	347.8722590887919
D2OP-bin-2	31	2048	2	96	1171.7845109673217	262.1078716032207
D2OP-bin-1	31	2048	1	96	1425.7770860353485	199.44991847500205
D2OP-bin-0.5	31	2048	0.5	96	1605.0295863002539	164.00276619195938
D2FSS-bin-8	31	2048	8	96	1975.010062164627	714.4937367280945
D2FSS-bin-4	31	2048	4	96	2197.872291754	532.8832837920636
D2FSS-bin-2	31	2048	2	96	2344.895329615101	267.09705514553934
D2FSS-bin-1	31	2048	1	96	2504.5268836747855	194.15251175127923
D2FSS-bin-0.5	31	2048	0.5	96	2661.7290529487655	159.65559511631727
D2OP-txt-8	31	2048	8	96	2612.9269361970946	865.4295666022226
D2OP-txt-4	31	2048	4	96	2727.0890650162473	637.8125092266127
D2OP-txt-2	31	2048	2	96	2916.4373266110197	371.30262515693903
D2OP-txt-1	31	2048	1	96	3042.475167086348	855.2563798390329
D2OP-txt-0.5	31	2048	0.5	96	2009.7666756184772	377.41672691423446
D2FSS-txt-8	31	2048	8	96	2516.6150697888806	1890.3913748208433
D2FSS-txt-4	31	2048	4	96	2992.0664066011086	605.7892613718286
D2FSS-txt-2	31	2048	2	96	2789.5594739811495	780.6182480044663
D2FSS-txt-1	31	2048	1	96	1724.8087307941169	349.20256375335157
D2FSS-txt-0.5	31	2048	0.5	96	1055.4377717385069	281.17259072791785
Mash	31	256	8	96	8124.3617478609085	12960.49853515625
Bindash-8	31	256	8	96	10127.282394170761	528.5358598232269
Bindash-4	31	256	4	96	10144.3415954113	531.0199353694916
Bindash-2	31	256	2	96	10112.152101397514	530.8096015453339
Bindash-1	31	256	1	96	10230.998218178749	532.668469786644
Bindash-0.5	31	256	0.5	96	10127.04551756382	532.4660099744797
Dashing1-bin	31	256	1	96	1787.281189084053	2263.5341614484787
Mash	31	4096	8	96	8239.164566636086	25727.928350925446
Bindash-8	31	4096	8	96	10291.370256900787	1760.005867600441
Bindash-4	31	4096	4	96	10233.903416514397	1765.731060743332
Bindash-2	31	4096	2	96	10430.247680783272	1764.7004154920578
Bindash-1	31	4096	1	96	10304.124522447586	1764.0271159410477
Mash	31	512	8	96	2362.1243013441563	2810.987328076735
Bindash-8	31	512	8	96	2423.662607366219	178.63362951762974
Bindash-4	31	512	4	96	2509.3224025070667	173.49839480035007
Bindash-2	31	512	2	96	2495.7791117895395	171.6760631557554
Bindash-1	31	512	1	96	2457.6757472865283	173.73233291320503
Bindash-0.5	31	512	0.5	96	2472.4455558098853	173.03829231485724
Dashing1-bin	31	512	1	96	508.74949423596263	562.0560694094747
Dashing1-txt	31	512	1	96	1030.956349344924	2987.355528058484
D2OP-bin-8	31	512	8	96	877.5920871682465	95.15144272148609
Mash	31	8192	8	96	8308.399479031563	36028.7920320034
Bindash-8	31	8192	8	96	10358.761022686958	2937.735202908516
Bindash-4	31	8192	4	96	10499.583055138588	2949.077014565468
Bindash-2	31	8192	2	96	10384.086719751358	2951.2289764881134
PMH-bin-8-500000	31	1024	8	96	1567.4518476426601	156.20596973970532
PMH-bin-8-2500000	31	1024	8	96	2351.5270950868726	165.01576996594667
PMH-bin-8-10000000	31	1024	8	96	2799.2859443090856	246.13279246538877
PMH-bin-4-500000	31	1024	4	96	1775.2074369117618	342.5990365669131
PMH-bin-4-2500000	31	1024	4	96	2732.332482755184	351.7030495069921
PMH-bin-4-10000000	31	1024	4	96	3356.7145104706287	382.73046739026904
PMH-bin-2-500000	31	1024	2	96	2240.047349087894	290.36676864326
PMH-bin-2-2500000	31	1024	2	96	3139.7949980683625	298.43931514397264
PMH-bin-2-10000000	31	1024	2	96	3411.780766017735	280.53796868771315
PMH-bin-1-500000	31	1024	1	96	2183.5176265500486	266.9524642005563
PMH-bin-1-2500000	31	1024	1	96	2948.8991483077407	275.78401459008455
PMH-bin-1-10000000	31	1024	1	96	3219.720038279891	275.5319970175624
PMH-bin-0.5-500000	31	1024	0.5	96	1501.5574710555375	240.36869383975863
PMH-bin-0.5-2500000	31	1024	0.5	96	2300.234350439161	243.22948826476932
PMH-bin-0.5-10000000	31	1024	0.5	96	2716.4629214331508	240.78749208152294
PMH-txt-8-500000	31	1024	8	96	2460.760577213019	438.32040129601955
PMH-txt-8-2500000	31	1024	8	96	2299.3688904866576	341.91525941342115
PMH-txt-8-10000000	31	1024	8	96	3407.367494676262	355.93532564118505
PMH-txt-4-500000	31	1024	4	96	2538.6189456768334	477.61012755706906
PMH-bin-8-500000	31	2048	8	96	1583.4009944312274	286.49370076693594
PMH-bin-8-2500000	31	2048	8	96	2331.097012516111	289.63061734102666
PMH-bin-8-10000000	31	2048	8	96	3119.061749279499	479.16142714209855
PMH-bin-4-500000	31	2048	4	96	1741.8546073492616	475.1311642397195
PMH-bin-4-2500000	31	2048	4	96	2738.2061907574534	585.9777656458318
PMH-bin-4-10000000	31	2048	4	96	3261.8508336711675	714.3182188048959
PMH-bin-2-500000	31	2048	2	96	2024.351977614686	340.299456525594
PMH-bin-2-2500000	31	2048	2	96	3160.1615676451474	379.4087057672441
PMH-bin-2-10000000	31	2048	2	96	3110.050041111186	358.61668210849166
PMH-bin-1-500000	31	2048	1	96	2101.9742123614997	296.71713285148144
PMH-bin-1-2500000	31	2048	1	96	2816.5973370652646	313.8881769236177
PMH-bin-1-10000000	31	2048	1	96	3386.3285843618214	317.28444323316216
PMH-bin-0.5-500000	31	2048	0.5	96	1534.5617510881275	242.08971790410578
PMH-bin-0.5-2500000	31	2048	0.5	96	2348.053746625781	264.9690778274089
PMH-bin-0.5-10000000	31	2048	0.5	96	3223.6784018091857	252.17147887311876
PMH-txt-8-500000	31	2048	8	96	2320.5777469258755	892.0614405367523
PMH-txt-8-2500000	31	2048	8	96	3028.6529816128314	864.333344457671
PMH-txt-8-10000000	31	2048	8	96	3764.737094739452	827.8811285514385
PMH-bin-8-500000	31	32768	8	96	2223.801726810634	20563.4457442984
PMH-bin-8-500000	31	4096	8	96	1609.2456528320909	546.974156588316
PMH-bin-8-2500000	31	4096	8	96	2460.220803283155	558.4424800910056
PMH-bin-8-10000000	31	4096	8	96	3310.721798952669	1804.0117786638439
PMH-bin-4-500000	31	4096	4	96	1770.04905757308	1443.3096426278353
PMH-bin-4-2500000	31	4096	4	96	2929.8678867928684	2113.9269381836057
PMH-bin-4-10000000	31	4096	4	96	3389.860682900995	1562.7016227766871
PMH-bin-2-500000	31	4096	2	96	2128.7517128773034	504.753020260483
PMH-bin-2-2500000	31	4096	2	96	2784.9575285091996	661.4013037905097
PMH-bin-2-10000000	31	4096	2	96	3148.7824466861784	693.3679596483707
PMH-bin-1-500000	31	4096	1	96	2107.2257272452116	395.9546732008457
PMH-bin-1-2500000	31	4096	1	96	2427.889700949192	430.7522290498018
PMH-bin-1-10000000	31	4096	1	96	2872.400155991316	464.4800077714026
PMH-bin-0.5-500000	31	4096	0.5	96	1576.3876756951213	288.3649930693209
PMH-bin-0.5-2500000	31	4096	0.5	96	2375.37716178596	311.0208652764559
PMH-bin-0.5-10000000	31	4096	0.5	96	3348.53426573053	299.1684160903096
PMH-txt-8-500000	31	4096	8	96	2524.202482510358	2108.8713611215353
PMH-bin-8-500000	31	512	8	96	1567.3136046063155	101.16220486722887
PMH-bin-8-2500000	31	512	8	96	2352.709416879341	102.28765383549035
PMH-bin-8-10000000	31	512	8	96	2760.8679069317877	189.6135355308652
PMH-bin-4-500000	31	512	4	96	1699.92815409787	242.08594541996717
PMH-bin-4-2500000	31	512	4	96	2678.5910337530077	255.8243086580187
PMH-bin-4-10000000	31	512	4	96	3282.8774095214903	267.36230190098286
PMH-bin-2-500000	31	512	2	96	2071.98051074706	237.71649445593357
PMH-bin-2-2500000	31	512	2	96	2930.498738663271	242.35038576833904
PMH-bin-2-10000000	31	512	2	96	3284.5318113397807	257.0429441332817
PMH-bin-1-500000	31	512	1	96	1571.8571175076067	304.05501128546894
PMH-bin-1-2500000	31	512	1	96	2974.119488194585	253.35173019953072
PMH-bin-1-10000000	31	512	1	96	3208.3696482349187	256.5338809732348
PMH-bin-0.5-500000	31	512	0.5	96	2227.197390437126	245.32793680951
PMH-bin-0.5-2500000	31	512	0.5	96	2302.350754134357	242.52473817951977
PMH-bin-0.5-10000000	31	512	0.5	96	2699.2784999012947	238.57232828065753
PMH-txt-8-500000	31	512	8	96	1591.9532391503453	226.3535299822688
PMH-txt-8-2500000	31	512	8	96	2303.04087966308	217.8887731283903
PMH-txt-8-10000000	31	512	8	96	3389.897255854681	218.0407721605152
PMH-txt-4-500000	31	512	4	96	2689.5262125357985	343.4905445612967
PMH-txt-4-2500000	31	512	4	96	2303.928980961442	347.2699205726385
PMH-bin-8-500000	31	8192	8	96	1690.1871724277735	1258.4229342192411
PMH-bin-8-2500000	31	8192	8	96	2512.037339154631	1259.5256953574717
PMH-bin-8-10000000	31	8192	8	96	3482.075227789581	5184.877397958189
PMH-bin-4-500000	31	8192	4	96	1895.4139449074864	15311.441478766501
PMH-bin-4-2500000	31	8192	4	96	2635.875341359526	1150.6245999783278
PMH-bin-4-10000000	31	8192	4	96	2916.0050750747323	1911.0793836712837
PMH-bin-2-500000	31	8192	2	96	2002.851632989943	1648.0582956448197
