##Options: Namespace(executable='dashing2', fnames='all_new_fns.txt', k=[31], nrepeat=1, nthreads=[112], only_cssize=None, only_type=None, pmhbbitsigs=False, sketchsize=[512, 1024, 2048, 8192])
##Results for all_new_fns.txt
#Method	k	NumReg	RegisterSize	NumThreads	SketchTime	DistanceTime
Dashing1-bin	31	512	1	112	899.4151870831847	1165.976233497262
Dashing1-txt	31	512	1	112	899.9376508500427	2877.695822348818
D2OP-bin-8	31	512	8	112	1494.1609456483275	1648.4910441040993
D2OP-bin-4	31	512	4	112	1505.5628867559135	987.2079510148615
D2OP-bin-2	31	512	2	112	1491.6564970146865	308.49256090447307
D2OP-bin-1	31	512	1	112	1498.8602020982653	139.19304179400206
D2OP-bin-0.5	31	512	0.5	112	1437.6205850932747	111.92286181077361
D2OP-txt-8	31	512	8	112	1479.4623737931252	2111.655561970547
D2OP-txt-4	31	512	4	112	1642.5498606599867	1239.7248262036592
D2OP-txt-2	31	512	2	112	1455.1061521153897	381.0590075161308
D2OP-txt-1	31	512	1	112	1443.2077512480319	297.72005653195083
D2OP-txt-0.5	31	512	0.5	112	1618.4528581704944	254.62420255504549
D2FSS-bin-8	31	512	8	112	2031.7525602988899	1037.2863778751343
D2FSS-bin-4	31	512	4	112	2036.0468157213181	1060.5197043716908
D2FSS-bin-2	31	512	2	112	1936.048292240128	365.90420454740524
D2FSS-bin-1	31	512	1	112	1786.8618482649326	147.12394429184496
D2FSS-bin-0.5	31	512	0.5	112	1999.6544854938984	120.94181125238538
D2FSS-txt-8	31	512	8	112	1792.8564178775996	1711.9729899317026
D2FSS-txt-4	31	512	4	112	1743.4911360424012	1314.6366140078753
D2FSS-txt-2	31	512	2	112	2111.020993763581	396.0540508106351
D2FSS-txt-1	31	512	1	112	1724.659030199051	285.85475076176226
D2FSS-txt-0.5	31	512	0.5	112	1784.6194216106087	278.39149670116603
Mash	31	512	8	112	2902.20603588596	3685.9698726739734
Bindash-8	31	512	8	112	4692.889075178653	141.01556303538382
Bindash-4	31	512	4	112	4677.909498013556	147.18759278021753
Bindash-2	31	512	2	112	4706.0306297075	148.08679786883295
Bindash-1	31	512	1	112	4693.433251518756	159.43490820005536
Bindash-0.5	31	512	0.5	112	4688.8450474999845	149.84460538439453
PMH-bin-8-500000	31	512	8	112	2592.751050291583	2344.154330322519
PMH-bin-8-2500000	31	512	8	112	3651.4667301997542	653.8142501339316
PMH-bin-4-500000	31	512	4	112	2673.0159705337137	1148.9083589147776
PMH-bin-4-2500000	31	512	4	112	3620.7645325455815	1123.5319157280028
PMH-bin-2-500000	31	512	2	112	2570.212759964168	433.31485973857343
PMH-bin-2-2500000	31	512	2	112	3838.9674945715815	287.6528541445732
PMH-bin-1-500000	31	512	1	112	2656.8359808456153	142.56314573064446
PMH-bin-1-2500000	31	512	1	112	3736.5763024482876	183.93112079426646
PMH-bin-0.5-500000	31	512	0.5	112	2592.2327287439257	111.09877328388393
PMH-bin-0.5-2500000	31	512	0.5	112	3537.4564450588077	118.1162684224546
PMH-txt-8-500000	31	512	8	112	2543.179459385574	1705.8395864628255
PMH-txt-8-2500000	31	512	8	112	3609.6462496649474	1768.3116236869246
PMH-txt-4-500000	31	512	4	112	2558.830728597939	1283.4865753278136
PMH-txt-4-2500000	31	512	4	112	3529.0592687241733	1531.2271593362093
PMH-txt-2-500000	31	512	2	112	2551.754215816036	471.6826103609055
PMH-txt-2-2500000	31	512	2	112	3501.3786523919553	439.38030049577355
PMH-txt-1-500000	31	512	1	112	2528.252077765763	276.56361871398985
PMH-txt-1-2500000	31	512	1	112	3469.0691380165517	302.09919458441436
PMH-txt-0.5-500000	31	512	0.5	112	2550.0812914241105	229.33387313596904
PMH-txt-0.5-2500000	31	512	0.5	112	3519.237194908783	228.5393257588148
Dashing1-bin	31	1024	1	112	890.7813186235726	1558.5628904830664
Dashing1-txt	31	1024	1	112	888.5474751144648	3083.9460028950125
D2OP-bin-8	31	1024	8	112	1449.8918188139796	4369.666110916063
D2OP-bin-4	31	1024	4	112	1441.6190315559506	2279.5799926519394
D2OP-bin-2	31	1024	2	112	1511.7988078203052	907.9711603932083
D2OP-bin-1	31	1024	1	112	1450.3933440651745	478.0656849462539
D2OP-bin-0.5	31	1024	0.5	112	1459.1508939433843	145.00399285182357
D2OP-txt-8	31	1024	8	112	1459.2721650972962	4744.278999304399
D2OP-txt-4	31	1024	4	112	1449.621712623164	2185.5779015962034
D2OP-txt-2	31	1024	2	112	1440.8274148646742	1343.0857914779335
D2OP-txt-1	31	1024	1	112	1444.0699599888176	451.4215171560645
D2OP-txt-0.5	31	1024	0.5	112	1447.4115585517138	292.63594840466976
D2FSS-bin-8	31	1024	8	112	2039.0713003240526	4392.2391676828265
D2FSS-bin-4	31	1024	4	112	2096.1201714910567	848.4132644217461
D2FSS-bin-2	31	1024	2	112	1886.9344376008958	1171.813927801326
D2FSS-bin-1	31	1024	1	112	2023.2276446186006	477.3150025550276
D2FSS-bin-0.5	31	1024	0.5	112	1741.2000052463263	150.46991200000048
D2FSS-txt-8	31	1024	8	112	1986.406410060823	4421.687839720398
D2FSS-txt-4	31	1024	4	112	2054.7233877293766	2416.0708856657147
D2FSS-txt-2	31	1024	2	112	2114.528538942337	1419.7805031388998
D2FSS-txt-1	31	1024	1	112	1739.6151033919305	512.2568569835275
D2FSS-txt-0.5	31	1024	0.5	112	2008.817946113646	278.1124373525381
Mash	31	1024	8	112	2899.8767430260777	4570.647161085159
Bindash-8	31	1024	8	112	4696.417835561559	193.35013984329998
Bindash-4	31	1024	4	112	4688.829027136788	225.9012651629746
Bindash-2	31	1024	2	112	4684.465125007555	228.98796118423343
Bindash-1	31	1024	1	112	4694.933322422206	210.7268135100603
Bindash-0.5	31	1024	0.5	112	4692.022753475234	219.63316462002695
PMH-bin-8-500000	31	1024	8	112	2564.8288436233997	5187.305027229711
PMH-bin-8-2500000	31	1024	8	112	3586.807787336409	4803.298252714798
PMH-bin-4-500000	31	1024	4	112	2535.4696961417794	2298.2753578741103
PMH-bin-4-2500000	31	1024	4	112	3773.00951943174	2150.1504264790565
PMH-bin-2-500000	31	1024	2	112	2783.822642488405	1011.56256249547
PMH-bin-2-2500000	31	1024	2	112	3744.6345807127655	775.3383873067796
PMH-bin-1-500000	31	1024	1	112	2768.4215264562517	369.1259050555527
PMH-bin-1-2500000	31	1024	1	112	3705.928707620129	528.6099596656859
PMH-bin-0.5-500000	31	1024	0.5	112	2850.4054501876235	165.27038967981935
PMH-bin-0.5-2500000	31	1024	0.5	112	3747.499997364357	216.62179299630225
PMH-txt-8-500000	31	1024	8	112	2748.0403871126473	5232.138002369553
PMH-txt-8-2500000	31	1024	8	112	3746.276740292087	5085.532174682245
PMH-txt-4-500000	31	1024	4	112	2716.0810161046684	2308.14752596803
PMH-txt-4-2500000	31	1024	4	112	3713.0856575425714	2552.37753742747
PMH-txt-2-500000	31	1024	2	112	2815.808618772775	1291.518534887582
PMH-txt-2-2500000	31	1024	2	112	3742.747099827975	1440.4391867164522
PMH-txt-1-500000	31	1024	1	112	2752.358000298962	566.2189074028283
PMH-txt-1-2500000	31	1024	1	112	3717.6572050899267	580.3367353249341
PMH-txt-0.5-500000	31	1024	0.5	112	2764.411817001179	303.71052075736225
PMH-txt-0.5-2500000	31	1024	0.5	112	3700.27431595698	301.1421791277826
Dashing1-bin	31	2048	1	112	922.8572335187346	2214.873243585229
Dashing1-txt	31	2048	1	112	896.9392193574458	3191.5489833690226
D2OP-bin-8	31	2048	8	112	1597.976687144488	13878.157263718545
D2OP-bin-4	31	2048	4	112	1591.6963526438922	6751.959130914882
D2OP-bin-2	31	2048	2	112	1573.9345016665757	2348.3285536635667
D2OP-bin-1	31	2048	1	112	1617.5958930123597	1164.7036669943482
D2OP-bin-0.5	31	2048	0.5	112	1577.114232186228	643.3301339317113
D2OP-txt-8	31	2048	8	112	1573.6931469626725	13710.740525443107
D2OP-txt-4	31	2048	4	112	1499.322319785133	6910.625988947228
D2OP-txt-2	31	2048	2	112	1518.0842336341739	2965.6094123385847
D2OP-txt-1	31	2048	1	112	1523.5924786515534	1365.0574403237551
D2OP-txt-0.5	31	2048	0.5	112	1465.7375073507428	486.12060626223683
D2FSS-bin-8	31	2048	8	112	1778.4616583399475	13723.275832744315
D2FSS-bin-4	31	2048	4	112	1791.8253975305706	6321.011206267402
D2FSS-bin-2	31	2048	2	112	1807.463785490021	2480.271036395803
D2FSS-bin-1	31	2048	1	112	1879.3613511249423	760.6270763296634
D2FSS-bin-0.5	31	2048	0.5	112	2103.6566598322242	476.55227783694863
D2FSS-txt-8	31	2048	8	112	1756.7469191253185	13751.948604054749
D2FSS-txt-4	31	2048	4	112	2016.577503444627	6762.34875738807
D2FSS-txt-2	31	2048	2	112	1788.0677812118083	2423.1743759028614
D2FSS-txt-1	31	2048	1	112	2114.6051675397903	1390.38705005683
D2FSS-txt-0.5	31	2048	0.5	112	1890.8267258126289	480.89108279533684
Mash	31	2048	8	112	2909.6439804397523	6312.891293896362
Bindash-8	31	2048	8	112	4703.843358488753	347.2786546945572
Bindash-4	31	2048	4	112	4690.529233176261	355.4957863856107
Bindash-2	31	2048	2	112	4712.46600132063	361.84419526718557
Bindash-1	31	2048	1	112	4716.398735679686	355.4829279948026
Bindash-0.5	31	2048	0.5	112	4727.617171103135	333.94652785360813
PMH-bin-8-500000	31	2048	8	112	2594.2464106865227	14000.929616734385
PMH-bin-8-2500000	31	2048	8	112	3535.268352234736	13806.657751457766
PMH-bin-4-500000	31	2048	4	112	2586.2701198123395	6900.119172839448
PMH-bin-4-2500000	31	2048	4	112	3545.0943893473595	6845.015885116532
PMH-bin-2-500000	31	2048	2	112	2609.982184993103	2819.264653114602
PMH-bin-2-2500000	31	2048	2	112	3580.5774551723152	2778.076760036871
PMH-bin-1-500000	31	2048	1	112	2564.625308183953	696.5765541289002
PMH-bin-1-2500000	31	2048	1	112	3595.083964312449	968.2390877716243
PMH-bin-0.5-500000	31	2048	0.5	112	2598.558388063684	509.36448805592954
PMH-bin-0.5-2500000	31	2048	0.5	112	3548.236581608653	410.7132205758244
PMH-txt-8-500000	31	2048	8	112	2614.626775311306	13433.638338994235
PMH-txt-8-2500000	31	2048	8	112	3539.5133068766445	12813.155045736581
PMH-txt-4-500000	31	2048	4	112	2565.7754538170993	6503.163018824533
PMH-txt-4-2500000	31	2048	4	112	3524.9961454551667	6618.613297589123
