##Options: Namespace(executable='dashing2', fnames='all_new_fns.txt', k=[31], nrepeat=1, nthreads=[8], only_cssize=None, only_type=None, pmhbbitsigs=False, sketchsize=[512, 1024, 2048])
##Results for all_new_fns.txt
#Method	k	NumReg	RegisterSize	NumThreads	SketchTime	DistanceTime
Dashing1-bin	31	512	1	8	3026.7810669932514	964.9430571123958
Dashing1-txt	31	512	1	8	3034.649634649977	2475.593375507742
D2OP-bin-8	31	512	8	8	5238.766700817272	1150.8712021522224
D2OP-bin-4	31	512	4	8	5256.353737944737	1274.33582646586
D2OP-bin-2	31	512	2	8	5142.8206573575735	885.3270646426827
D2OP-bin-1	31	512	1	8	5164.917883250862	792.9154566656798
D2OP-bin-0.5	31	512	0.5	8	5662.459669193253	665.1425777729601
D2OP-txt-8	31	512	8	8	5143.06048486568	1505.44348968938
D2OP-txt-4	31	512	4	8	5074.787595054135	1326.2829515691847
D2OP-txt-2	31	512	2	8	5128.527777865529	907.020004702732
D2OP-txt-1	31	512	1	8	5226.592267442495	869.2693368792534
D2OP-txt-0.5	31	512	0.5	8	5133.052526624873	1221.9683397319168
D2FSS-bin-8	31	512	8	8	6797.382459606975	1206.4991868846118
D2FSS-bin-4	31	512	4	8	6896.04958963953	1223.424656080082
D2FSS-bin-2	31	512	2	8	6937.903088249266	868.1910426411778
D2FSS-bin-1	31	512	1	8	6908.078310236335	787.505706211552
D2FSS-bin-0.5	31	512	0.5	8	6857.054789569229	693.7598208114505
D2FSS-txt-8	31	512	8	8	6846.254283171147	1175.1843493375927
D2FSS-txt-4	31	512	4	8	6947.776233453304	1240.4305933527648
D2FSS-txt-2	31	512	2	8	6746.821826800704	1343.171895235777
D2FSS-txt-1	31	512	1	8	6816.785045236349	859.4254980478436
D2FSS-txt-0.5	31	512	0.5	8	6811.060127155855	780.0048967562616
Mash	31	512	8	8	8381.519481793046	8762.522863630205
Bindash-8	31	512	8	8	15808.839862564579	254.01253231614828
Bindash-4	31	512	4	8	15855.949854515493	251.05279330909252
Bindash-2	31	512	2	8	15996.113251432776	252.86389589868486
Bindash-1	31	512	1	8	15905.58073168993	250.29968236386776
Bindash-0.5	31	512	0.5	8	15900.511630186811	248.3412100672722
PMH-bin-8-500000	31	512	8	8	7657.068022806197	1306.7875822428614
PMH-bin-4-500000	31	512	4	8	7591.334335787222	1299.7169976197183
PMH-bin-2-500000	31	512	2	8	7613.751113535836	878.2836696356535
PMH-bin-1-500000	31	512	1	8	7589.495057430118	791.6574341952801
PMH-bin-0.5-500000	31	512	0.5	8	7692.166068172082	663.6331631373614
PMH-txt-8-500000	31	512	8	8	7643.3252812009305	1391.257920704782
PMH-txt-4-500000	31	512	4	8	7609.673822168261	1286.7762982267886
PMH-txt-2-500000	31	512	2	8	7573.591959996149	1340.770817618817
PMH-txt-1-500000	31	512	1	8	7595.997822992504	872.5481818988919
PMH-txt-0.5-500000	31	512	0.5	8	7636.32571028173	1210.9401617441326
Dashing1-bin	31	1024	1	8	3171.4789622686803	1428.1473807115108
Dashing1-txt	31	1024	1	8	3644.9654816165566	3049.5761455949396
D2OP-bin-8	31	1024	8	8	5992.801501642913	2800.1761241704226
D2OP-bin-4	31	1024	4	8	5973.848609337583	2311.6526795532554
D2OP-bin-2	31	1024	2	8	5994.705896822736	1466.4103487282991
D2OP-bin-1	31	1024	1	8	5995.639647224918	1125.3312256317586
D2OP-bin-0.5	31	1024	0.5	8	5922.205866135657	924.9810181558132
D2OP-txt-8	31	1024	8	8	5913.189456447959	2694.114200692624
D2OP-txt-4	31	1024	4	8	5897.695584025234	2210.2161994948983
D2OP-txt-2	31	1024	2	8	5900.056729864329	1468.58257221058
D2OP-txt-1	31	1024	1	8	5893.760040178895	1452.6157802604139
D2OP-txt-0.5	31	1024	0.5	8	5884.058077460155	1351.5264945123345
D2FSS-bin-8	31	1024	8	8	8073.871218694374	3338.725432049483
D2FSS-bin-4	31	1024	4	8	7713.564316397533	2412.201585298404
D2FSS-bin-2	31	1024	2	8	7569.308025186881	1472.6511716563255
D2FSS-bin-1	31	1024	1	8	7772.816729582846	1076.181555537507
D2FSS-bin-0.5	31	1024	0.5	8	7746.039871420711	937.9728193785995
D2FSS-txt-8	31	1024	8	8	7580.141680927947	2970.79650548473
D2FSS-txt-4	31	1024	4	8	7032.878214787692	2209.1223214566708
D2FSS-txt-2	31	1024	2	8	6927.681629830971	1286.1762391664088
D2FSS-txt-1	31	1024	1	8	6932.438534429297	1409.5146732162684
D2FSS-txt-0.5	31	1024	0.5	8	7043.94571540691	836.6278657633811
Mash	31	1024	8	8	8495.590317642316	17621.3999655284
Bindash-8	31	1024	8	8	16333.580511560664	373.40770426765084
Bindash-4	31	1024	4	8	15848.365849155933	377.95651096850634
Bindash-2	31	1024	2	8	15997.507700242102	374.8581972066313
Bindash-1	31	1024	1	8	16445.345554139465	378.18597527965903
Bindash-0.5	31	1024	0.5	8	15808.466457018629	370.15360523201525
PMH-bin-8-500000	31	1024	8	8	7775.843618148938	2945.3175379056484
PMH-bin-4-500000	31	1024	4	8	7697.921337824315	2080.921167353168
PMH-bin-2-500000	31	1024	2	8	7733.20948907733	1421.7500486336648
PMH-bin-1-500000	31	1024	1	8	7719.759092904627	932.8180657494813
PMH-bin-0.5-500000	31	1024	0.5	8	7778.49606375955	765.7081724386662
PMH-txt-8-500000	31	1024	8	8	7683.0671871919185	2883.727974858135
PMH-txt-4-500000	31	1024	4	8	7720.941413447261	1932.1424744222313
PMH-txt-2-500000	31	1024	2	8	7705.171555776149	1390.6870628092438
PMH-txt-1-500000	31	1024	1	8	7712.337283065543	969.4788070749491
PMH-txt-0.5-500000	31	1024	0.5	8	7736.4222849570215	1296.2165070101619
Dashing1-bin	31	2048	1	8	3147.6932549625635	2247.4407705925405
Dashing1-txt	31	2048	1	8	3025.653392089531	3652.4769187532365
D2OP-bin-8	31	2048	8	8	5217.440642088652	11658.582572741434
D2OP-bin-4	31	2048	4	8	5102.484484614804	3576.130001215264
D2OP-bin-2	31	2048	2	8	5175.283852213994	2207.135857364163
D2OP-bin-1	31	2048	1	8	5181.398854725063	1523.5709450822324
D2OP-bin-0.5	31	2048	0.5	8	5137.90951304324	1012.9823413472623
D2OP-txt-8	31	2048	8	8	5167.835316246375	8020.734170766547
D2OP-txt-4	31	2048	4	8	5156.562835415825	4175.0425879359245
D2OP-txt-2	31	2048	2	8	5141.567150328308	2423.966379644349
D2OP-txt-1	31	2048	1	8	5176.558087119833	1787.1934689376503
D2OP-txt-0.5	31	2048	0.5	8	5126.142230687663	1073.092248050496
D2FSS-bin-8	31	2048	8	8	7286.2098329197615	7780.792414674535
D2FSS-bin-4	31	2048	4	8	7093.716740835458	3891.060501676053
D2FSS-bin-2	31	2048	2	8	7122.799382256344	2331.671458756551
D2FSS-bin-1	31	2048	1	8	7091.1510848887265	1429.649576369673
D2FSS-bin-0.5	31	2048	0.5	8	7107.176331348717	980.8824874721467
D2FSS-txt-8	31	2048	8	8	7056.507902707905	7822.096659423783
D2FSS-txt-4	31	2048	4	8	7104.308650130406	3902.5037499088794
D2FSS-txt-2	31	2048	2	8	7059.359077518806	2253.783576959744
D2FSS-txt-1	31	2048	1	8	7071.418490525335	1484.824814433232
D2FSS-txt-0.5	31	2048	0.5	8	7064.210397899151	1017.1277706436813
Mash	31	2048	8	8	8553.85749494657	36097.82958780415
Bindash-8	31	2048	8	8	18095.92504936084	635.4547314047813
Bindash-4	31	2048	4	8	17713.46694449894	646.2664402183145
Bindash-2	31	2048	2	8	17258.54755181633	637.814068865031
Bindash-1	31	2048	1	8	17308.409762712196	624.1544420234859
Bindash-0.5	31	2048	0.5	8	16639.389504520223	586.768055582419
PMH-bin-8-500000	31	2048	8	8	7917.965361556038	7296.671365026385
PMH-bin-4-500000	31	2048	4	8	7909.429557390511	3679.925329970196
PMH-bin-2-500000	31	2048	2	8	7888.659516720101	2481.3831600602716
PMH-bin-1-500000	31	2048	1	8	7876.2113220617175	1372.279608303681
PMH-bin-0.5-500000	31	2048	0.5	8	7849.057863671333	1003.524877037853
PMH-txt-8-500000	31	2048	8	8	7848.282179262489	8660.523345604539
PMH-txt-4-500000	31	2048	4	8	7852.312746785581	3901.0379389598966
PMH-txt-2-500000	31	2048	2	8	7898.667588654906	2310.689013076946
PMH-txt-1-500000	31	2048	1	8	7829.771481284872	1412.4106934238225
PMH-txt-0.5-500000	31	2048	0.5	8	7887.3754902035	1049.3694573156536
