##Results for fns.txt = 118467 genomes
#Experiments performed on KNL node with 68 threads with quadruple hyperthreading enabled, with a total of 272 threads in use
#Tool	k	sketchsize	bytes_per_reg	num_threads	sketch_time	dist_time
Mash	31	2048	8	268	6295.481323104352	19166.997629551217
Bindash-8	31	2048	8	268	5660.859351905063	1054.2305486053228
Bindash-4	31	2048	4	268	5703.1284184698015	1063.54305514507
Bindash-2	31	2048	2	268	5664.770842030644	1070.8967061378062
Bindash-1	31	2048	1	268	5696.217394322157	1073.9497730694711
Bindash-0.5	31	2048	0.5	268	5699.077117327601	1079.747132634744
Dashing1-bin	31	2048	1	268	2790.6429386101663	8641.43740939349
Dashing1-txt	31	2048	1	268	1521.2997080162168	9724.601839551702
D2OP-bin-8	31	2048	8	268	2341.8762571252882	310.4081019293517
D2OP-bin-4	31	2048	4	268	626.0684135388583	29.491922849789262
D2OP-bin-2	31	2048	2	268	623.8120589461178	23.762958507984877
D2OP-bin-1	31	2048	1	268	621.4411140233278	23.556741677224636
Mash	31	32768	8	268	2076.3190761208534	5857.007549541071
Bindash-8	31	32768	8	268	2101.507548123598	369.5786511916667
Bindash-4	31	32768	4	268	2143.1276316680014	376.40749387070537
Bindash-2	31	32768	2	268	2124.408860988915	373.10522470623255
Bindash-1	31	32768	1	268	2102.376111095771	375.63850558921695
Bindash-0.5	31	32768	0.5	268	2120.8727225400507	376.425719531253
Dashing1-bin	31	32768	1	268	404.1141399573535	4791.87489913404
Dashing1-txt	31	32768	1	268	433.19173622876406	795.0316271260381
D2OP-bin-8	31	32768	8	268	806.9387109894305	1950.9671663604677
D2OP-bin-4	31	32768	4	268	813.576577404514	775.5680850669742
D2OP-bin-2	31	32768	2	268	797.4169223494828	234.79758362658322
D2OP-bin-1	31	32768	1	268	808.1046842895448	116.32460322603583
D2OP-bin-0.5	31	32768	0.5	268	780.3698153849691	104.71760390512645
D2FSS-bin-8	31	32768	8	268	929.4720172155648	1943.1344278622419
D2FSS-bin-4	31	32768	4	268	948.4697717670351	775.1604370567948
D2FSS-bin-2	31	32768	2	268	997.347667414695	231.80065561458468
D2FSS-bin-1	31	32768	1	268	940.6173864323646	115.2010361328721
D2FSS-bin-0.5	31	32768	0.5	268	954.8821531217545	106.29060189425945
Mash	31	4096	8	268	6314.065512765199	26441.935831820592
Bindash-8	31	4096	8	268	5733.4826218206435	1593.007806899026
Bindash-4	31	4096	4	268	5776.906318077818	1608.68482763879
Bindash-2	31	4096	2	268	5747.166541812941	1616.4187499396503
Bindash-1	31	4096	1	268	5764.464098419994	1618.5983777549118
Bindash-0.5	31	4096	0.5	268	5734.610214062035	1623.0795582979918
Dashing1-bin	31	4096	1	268	1532.9933444913477	15088.420357303694
Dashing1-txt	31	4096	1	268	393.65153464861214	590.9545665569603
D2OP-bin-8	31	4096	8	268	623.3566095419228	53.85656553506851
D2OP-bin-4	31	4096	4	268	639.5303088054061	41.95002302341163
D2OP-bin-2	31	4096	2	268	642.8931581005454	28.375062320381403
D2OP-bin-1	31	4096	1	268	641.722946671769	26.076716855168343
D2OP-bin-0.5	31	4096	0.5	268	637.7878826484084	31.96216130256653
D2FSS-bin-8	31	4096	8	268	644.1196487098932	53.85512815415859
D2FSS-bin-4	31	4096	4	268	691.9551434703171	41.20297946408391
D2FSS-bin-2	31	4096	2	268	644.2345390021801	28.239816876128316
D2FSS-bin-1	31	4096	1	268	732.5387301705778	25.933518700301647
D2FSS-bin-0.5	31	4096	0.5	268	621.7788344882429	31.341536473482847
PMH-bin-8-500000	31	1024	8	268	3577.639024699107	260.7569549102336
PMH-bin-8-2500000	31	1024	8	268	4009.538325883448	241.06122155115008
PMH-bin-8-10000000	31	1024	8	268	4336.832992980257	245.60662676766515
PMH-bin-4-500000	31	1024	4	268	3660.316428165883	413.43284633010626
PMH-bin-4-2500000	31	1024	4	268	3993.3977234307677	427.83423947915435
PMH-bin-4-10000000	31	1024	4	268	4316.494586804882	415.31920260190964
PMH-bin-2-500000	31	1024	2	268	3661.329789409414	379.3100201431662
PMH-bin-2-2500000	31	1024	2	268	4048.406865945086	383.8366761934012
PMH-bin-2-10000000	31	1024	2	268	4359.682289447635	389.42674974910915
PMH-bin-1-500000	31	1024	1	268	3659.4753597453237	470.50356540083885
PMH-bin-1-2500000	31	1024	1	268	4005.5610158257186	430.61501851677895
PMH-bin-1-10000000	31	1024	1	268	4324.1137513983995	511.93283746391535
PMH-bin-0.5-500000	31	1024	0.5	268	3651.32959093526	389.2218277361244
PMH-bin-0.5-2500000	31	1024	0.5	268	4005.51133791171	396.2521433196962
PMH-bin-0.5-10000000	31	1024	0.5	268	4350.8306579794735	416.0310171470046
PMH-bin-8-500000	31	16384	8	268	4070.264800515026	8705.305684033781
PMH-bin-8-2500000	31	16384	8	268	4403.256757874042	8847.118858488277
PMH-bin-8-500000	31	2048	8	268	3604.4837775053456	318.0298492172733
PMH-bin-8-2500000	31	2048	8	268	4009.7062395252287	295.9163673762232
PMH-bin-8-10000000	31	2048	8	268	4362.476404524408	300.3618445061147
PMH-bin-4-500000	31	2048	4	268	3675.252639981918	466.30695634987205
PMH-bin-4-2500000	31	2048	4	268	4025.115591386333	700.9233378348872
PMH-bin-4-10000000	31	2048	4	268	4346.388717944734	492.90839947387576
PMH-bin-2-500000	31	2048	2	268	3667.9601968834177	420.3387711979449
PMH-bin-2-2500000	31	2048	2	268	4028.545305548236	406.09449291508645
PMH-bin-2-10000000	31	2048	2	268	4348.81606079638	410.053556333296
PMH-bin-1-500000	31	2048	1	268	3671.961564162746	420.5576322963461
PMH-bin-1-2500000	31	2048	1	268	4023.165889730677	440.6607516882941
PMH-bin-1-10000000	31	2048	1	268	4322.132555784658	534.1003337167203
PMH-bin-0.5-500000	31	2048	0.5	268	3730.7256977129728	412.58055802155286
PMH-bin-0.5-2500000	31	2048	0.5	268	4006.7355865407735	425.396161374636
PMH-bin-0.5-10000000	31	2048	0.5	268	4361.6236502742395	434.5980624547228
PMH-bin-8-500000	31	256	8	268	3580.119492908474	210.15227598138154
PMH-bin-8-2500000	31	256	8	268	4032.3930218978785	220.1610322566703
PMH-bin-8-10000000	31	256	8	268	4321.355405676644	214.99491298291832
PMH-bin-4-500000	31	256	4	268	3662.7478821752593	360.86303030001
PMH-bin-4-2500000	31	256	4	268	4006.4257105463184	377.16720193019137
PMH-bin-4-10000000	31	256	4	268	4353.063833258115	369.8507010242902
PMH-bin-2-500000	31	256	2	268	3649.3948903284036	354.6684404569678
PMH-bin-2-2500000	31	256	2	268	3997.3947930778377	357.3092220253311
PMH-bin-2-10000000	31	256	2	268	4379.591075520497	372.2319558179006
PMH-bin-1-500000	31	256	1	268	3644.881235439796	394.2538781519979
PMH-bin-1-2500000	31	256	1	268	3985.4037187844515	409.2083282773383
PMH-bin-1-10000000	31	256	1	268	4353.692546730861	580.9302317663096
PMH-bin-0.5-500000	31	256	0.5	268	3643.6850299122743	693.7279027784243
PMH-bin-0.5-2500000	31	256	0.5	268	3989.915270025842	380.5138147762045
PMH-bin-8-500000	31	4096	8	268	3697.719643285498	885.2097798548639
PMH-bin-8-2500000	31	4096	8	268	4047.8474701102823	865.7861065668985
PMH-bin-8-10000000	31	4096	8	268	4407.118678295985	873.1136484565213
PMH-bin-4-500000	31	4096	4	268	3696.772280004807	628.4642595686018
PMH-bin-4-2500000	31	4096	4	268	4079.4389680549502	845.9997164839879
PMH-bin-4-10000000	31	4096	4	268	4420.777540508658	745.9659031415358
PMH-bin-2-500000	31	4096	2	268	3714.5681953951716	451.3624594081193
PMH-bin-2-2500000	31	4096	2	268	4086.623903387226	473.62840118072927
PMH-bin-2-10000000	31	4096	2	268	4400.524368041195	537.3759485119954
PMH-bin-1-500000	31	4096	1	268	3715.9086840916425	486.7195019479841
PMH-bin-1-2500000	31	4096	1	268	4076.745251085609	675.4111549248919
PMH-bin-1-10000000	31	4096	1	268	4465.685792832635	489.6954846289009
PMH-bin-0.5-500000	31	4096	0.5	268	3724.7208645595238	453.1846603564918
PMH-bin-0.5-2500000	31	4096	0.5	268	4077.383506433107	458.00024506263435
PMH-bin-0.5-10000000	31	4096	0.5	268	4376.219202240929	464.8034093249589
PMH-bin-8-500000	31	512	8	268	3567.802842700854	232.45160062238574
PMH-bin-8-2500000	31	512	8	268	3995.861790055409	220.85801826044917
PMH-bin-8-10000000	31	512	8	268	4325.943447319791	223.6313903350383
PMH-bin-4-500000	31	512	4	268	3657.6356918681413	379.7453805692494
PMH-bin-4-2500000	31	512	4	268	4011.204083653167	570.5836067833006
PMH-bin-4-10000000	31	512	4	268	4335.591887911782	402.63353012502193
PMH-bin-2-500000	31	512	2	268	3640.1481649167836	368.2879089061171
PMH-bin-2-2500000	31	512	2	268	4017.269779389724	369.47383405454457
PMH-bin-2-10000000	31	512	2	268	4317.652872173116	372.5564542617649
PMH-bin-1-500000	31	512	1	268	3647.6748980768025	387.6682380978018
PMH-bin-1-2500000	31	512	1	268	4020.0945398434997	416.506846640259
PMH-bin-8-500000	31	8192	8	268	3826.819281445816	2645.020901426673
PMH-bin-8-2500000	31	8192	8	268	4180.558987874538	2687.2482277248055
PMH-bin-8-10000000	31	8192	8	268	4481.445967040956	2697.7369314283133
PMH-bin-4-500000	31	8192	4	268	3847.9353265576065	1391.1893427111208
PMH-bin-4-2500000	31	8192	4	268	4205.304656503722	1415.9471201915294
PMH-bin-4-10000000	31	8192	4	268	4534.150172831491	1427.1568315550685
PMH-bin-2-500000	31	8192	2	268	3836.284714013338	591.498007632792
PMH-bin-2-2500000	31	8192	2	268	4159.248768430203	609.1215738542378
PMH-bin-2-10000000	31	8192	2	268	4493.651320453733	820.2817000560462
PMH-bin-1-500000	31	8192	1	268	3831.3968551009893	539.9721693694592
PMH-bin-1-2500000	31	8192	1	268	4255.116547059268	651.4734391439706
PMH-bin-1-10000000	31	8192	1	268	4523.4890687689185	574.5937441829592
PMH-bin-0.5-500000	31	8192	0.5	268	3845.5335457269102	512.8083274196833
PMH-bin-0.5-2500000	31	8192	0.5	268	4219.705375773832	510.6951859090477
PMH-bin-0.5-10000000	31	8192	0.5	268	4756.05165005289	530.0175811648369
Mash	31	512	8	272	6277.8051208257675	13936.634689807892
Bindash-8	31	512	8	272	5971.435375571251	664.5966181755066
Bindash-4	31	512	4	272	6005.373589515686	672.3440961837769
Bindash-2	31	512	2	272	6029.648440718651	675.0433526039124
Bindash-1	31	512	1	272	5992.450997471809	677.6283398866653
Bindash-0.5	31	512	0.5	272	6002.73955655098	683.1965512037277
Dashing1-bin	31	512	1	272	1642.861110329628	3471.885093331337
Dashing1-txt	31	512	1	272	1513.1309934854507	9939.589518785477
D2OP-bin-8	31	512	8	272	2318.926408290863	233.8783574104309
D2OP-bin-4	31	512	4	272	2320.6657799482346	336.2633544206619
D2OP-bin-2	31	512	2	272	2309.660462975502	314.6682051420212
D2OP-bin-1	31	512	1	272	2310.1405534744263	343.4502353668213
D2OP-bin-0.5	31	512	0.5	272	2311.9207196235657	301.72830069065094
D2FSS-bin-8	31	512	8	272	2402.96762239933	220.34054481983185
Mash	31	1024	8	272	6281.995710812509	15687.262141291052
Bindash-8	31	1024	8	272	6047.747099239379	808.7328088097274
Bindash-4	31	1024	4	272	6017.518233902752	812.9768275544047
Bindash-2	31	1024	2	272	6017.872360989451	820.9604161605239
Bindash-1	31	1024	1	272	6030.8867140337825	823.6558907479048
Bindash-0.5	31	1024	0.5	272	6057.02185838297	820.8020240664482
Mash	31	8192	8	272	6365.318896751851	40849.192888610065
Bindash-8	31	8192	8	272	6178.474984541535	2618.8247645907104
Bindash-4	31	8192	4	272	6193.67985233292	2620.1289492957294
Bindash-2	31	8192	2	272	6215.337560355663	2620.212906010449
Bindash-1	31	8192	1	272	6196.348910160363	2626.7813728265464
Bindash-0.5	31	8192	0.5	272	6153.749320287257	2619.8994139134884
