##Options: Namespace(fnames='sampled_fns.txt', k=['31'], nrepeat=2, nthreads=['268'], sketchsize=['1024'])
##Results for sampled_fns.txt
#Method	k	NumReg	RegisterSize	NumThreads	SketchTime	DistanceTime
PMH-bin-8-500000	31	1024	8	268	1099.8866034320017	20.801172472496546
PMH-bin-8-2500000	31	1024	8	268	1284.9132509070005	20.182380785001442
PMH-bin-8-10000000	31	1024	8	268	1366.2875669034984	26.025157137497445
PMH-bin-4-500000	31	1024	4	268	1123.661390704503	27.43201395900178
PMH-bin-4-2500000	31	1024	4	268	1280.4634675140005	28.83636626349835
PMH-bin-4-10000000	31	1024	4	268	1363.659643034498	31.033899398000358
PMH-bin-2-500000	31	1024	2	268	1111.4758364559966	27.54351334900275
PMH-bin-2-2500000	31	1024	2	268	1282.0469924710014	29.840316087997053
PMH-bin-2-10000000	31	1024	2	268	1372.5960677280018	32.1261533729994
PMH-bin-1-500000	31	1024	1	268	1113.2330497360017	28.43508804150042
PMH-bin-1-2500000	31	1024	1	268	1287.4855825920022	27.813696028999402
PMH-bin-1-10000000	31	1024	1	268	1371.9858706630039	30.63701877749554
PMH-bin-0.5-500000	31	1024	0.5	268	1102.4504348755072	29.16449217900663
PMH-bin-0.5-2500000	31	1024	0.5	268	1275.4474008635007	29.15733673399518
PMH-bin-0.5-10000000	31	1024	0.5	268	1380.0519155690054	30.880198077000387
PMH-bin-8-500000	31	16384	8	268	1220.2350230067968	569.1884641963989
PMH-bin-8-2500000	31	16384	8	268	1366.2170354593545	569.4740051645786
PMH-bin-8-10000000	31	16384	8	268	1439.3943543117493	571.9310188442469
PMH-bin-4-500000	31	16384	4	268	1214.3304292913526	236.25071597471833
PMH-bin-4-2500000	31	16384	4	268	1358.8238658402115	237.48437683843076
PMH-bin-4-10000000	31	16384	4	268	1444.7754219230264	242.97349252551794
PMH-bin-2-500000	31	16384	2	268	1204.978057121858	80.82802875712514
PMH-bin-2-2500000	31	16384	2	268	1363.4871664084494	78.83763049915433
PMH-bin-2-10000000	31	16384	2	268	1452.167332848534	83.02367629855871
PMH-bin-1-500000	31	16384	1	268	1202.6708266492933	44.06750964559615
PMH-bin-1-2500000	31	16384	1	268	1369.0808135345578	44.580142149701715
PMH-bin-1-10000000	31	16384	1	268	1452.3345976956189	47.20246101729572
PMH-bin-0.5-500000	31	16384	0.5	268	1200.796162724495	42.55627011321485
PMH-bin-0.5-2500000	31	16384	0.5	268	1371.930123411119	42.86818413250148
PMH-bin-0.5-10000000	31	16384	0.5	268	1448.0853189025074	43.82516445033252
PMH-bin-8-500000	31	2048	8	268	1108.294627835974	25.56597052142024
PMH-bin-8-2500000	31	2048	8	268	1265.7655611019582	23.614215839654207
PMH-bin-8-10000000	31	2048	8	268	1349.9465942336246	29.49438182171434
PMH-bin-4-500000	31	2048	4	268	1083.682089202106	31.074076398275793
PMH-bin-4-2500000	31	2048	4	268	1288.2398563446477	31.68865812011063
PMH-bin-4-10000000	31	2048	4	268	1366.1933079557493	33.32034156098962
PMH-bin-2-500000	31	2048	2	268	1131.3821955518797	28.28875333443284
PMH-bin-2-2500000	31	2048	2	268	1288.3718430679291	31.040806881152093
PMH-bin-2-10000000	31	2048	2	268	1362.903640953824	32.75565983913839
PMH-bin-1-500000	31	2048	1	268	1108.3527784803882	29.932555239647627
PMH-bin-1-2500000	31	2048	1	268	1282.7181079555303	29.918460340239108
PMH-bin-1-10000000	31	2048	1	268	1357.64660395775	33.79075758345425
PMH-bin-0.5-500000	31	2048	0.5	268	1154.222262378782	31.356348139233887
PMH-bin-0.5-2500000	31	2048	0.5	268	1275.1514814980328	28.700208893977106
PMH-bin-0.5-10000000	31	2048	0.5	268	1359.4270949326456	30.965492802672088
PMH-bin-8-500000	31	256	8	268	1117.6536494493484	18.22872941568494
PMH-bin-8-2500000	31	256	8	268	1274.1077945940197	18.132001208141446
PMH-bin-8-10000000	31	256	8	268	1354.8371024113148	24.28290500305593
PMH-bin-4-500000	31	256	4	268	1097.0332996305078	24.99095084145665
PMH-bin-4-2500000	31	256	4	268	1280.2142874076962	26.10105475783348
PMH-bin-4-10000000	31	256	4	268	1356.1530825663358	29.020565398037434
PMH-bin-2-500000	31	256	2	268	1113.9371566548944	24.97151931747794
PMH-bin-2-2500000	31	256	2	268	1266.2287967633456	27.54902047291398
PMH-bin-2-10000000	31	256	2	268	1344.8766968473792	29.880047351121902
PMH-bin-1-500000	31	256	1	268	1112.3756314180791	28.080710971727967
PMH-bin-1-2500000	31	256	1	268	1283.434270054102	27.014975668862462
PMH-bin-1-10000000	31	256	1	268	1340.4911138210446	28.94000043720007
PMH-bin-0.5-500000	31	256	0.5	268	1099.7212835997343	26.050800882279873
PMH-bin-0.5-2500000	31	256	0.5	268	1282.4013985954225	26.684037206694484
PMH-bin-0.5-10000000	31	256	0.5	268	1346.8490028064698	28.852064721286297
PMH-bin-8-500000	31	32768	8	268	1325.7490903232247	1916.7944028377533
PMH-bin-8-2500000	31	32768	8	268	1478.6994518060237	1920.714242361486
PMH-bin-8-10000000	31	32768	8	268	1572.0533394496888	1926.768981700763
PMH-bin-4-500000	31	32768	4	268	1325.6471377220005	678.8205294907093
PMH-bin-4-2500000	31	32768	4	268	1474.3674111664295	670.9548228839412
PMH-bin-4-10000000	31	32768	4	268	1560.1613394767046	674.0498325927183
PMH-bin-2-500000	31	32768	2	268	1314.070748209022	222.9478078763932
PMH-bin-2-2500000	31	32768	2	268	1486.9651067974046	223.94767674058676
PMH-bin-2-10000000	31	32768	2	268	1557.7729866299778	229.27745726704597
PMH-bin-1-500000	31	32768	1	268	1297.695673598908	100.21029369346797
PMH-bin-1-2500000	31	32768	1	268	1456.5825161868706	101.30713068228215
PMH-bin-1-10000000	31	32768	1	268	1558.226707371883	103.90231367759407
PMH-bin-0.5-500000	31	32768	0.5	268	1313.5856733461842	58.09039459191263
PMH-bin-0.5-2500000	31	32768	0.5	268	1463.924261461012	59.57050702068955
PMH-bin-0.5-10000000	31	32768	0.5	268	1558.486836064607	59.95538445934653
PMH-bin-8-500000	31	4096	8	268	1111.059414559044	54.39564461633563
PMH-bin-8-2500000	31	4096	8	268	1287.6979694506153	55.33627061918378
PMH-bin-8-10000000	31	4096	8	268	1383.8582784719765	56.32439639419317
PMH-bin-4-500000	31	4096	4	268	1121.2516938336194	37.59796671196818
PMH-bin-4-2500000	31	4096	4	268	1302.9519869973883	38.14358560740948
PMH-bin-4-10000000	31	4096	4	268	1375.3907682755962	41.313604918308556
PMH-bin-2-500000	31	4096	2	268	1120.829706097953	29.940246196463704
PMH-bin-2-2500000	31	4096	2	268	1297.9284138651565	32.59990886040032
PMH-bin-2-10000000	31	4096	2	268	1390.671350736171	33.50538304634392
PMH-bin-1-500000	31	4096	1	268	1150.1025074813515	32.427306956611574
PMH-bin-1-2500000	31	4096	1	268	1302.0840804819018	33.65688106138259
PMH-bin-1-10000000	31	4096	1	268	1372.1547974022105	37.46902138367295
PMH-bin-0.5-500000	31	4096	0.5	268	1115.111088724807	32.15499812737107
PMH-bin-0.5-2500000	31	4096	0.5	268	1300.979892944917	31.369864773005247
PMH-bin-0.5-10000000	31	4096	0.5	268	1373.163095800206	33.75395325385034
PMH-bin-8-500000	31	512	8	268	1115.1679630111903	18.804556803777814
PMH-bin-8-2500000	31	512	8	268	1276.3270586226135	18.829282408580184
PMH-bin-8-10000000	31	512	8	268	1353.7739152107388	21.828721161931753
PMH-bin-4-500000	31	512	4	268	1110.7848264239728	25.97775231488049
PMH-bin-4-2500000	31	512	4	268	1288.6947228666395	26.928738931193948
PMH-bin-4-10000000	31	512	4	268	1352.969676265493	29.660446466878057
PMH-bin-2-500000	31	512	2	268	1091.2881256509572	26.404640110209584
PMH-bin-2-2500000	31	512	2	268	1289.163415312767	27.653861556202173
PMH-bin-2-10000000	31	512	2	268	1360.8151281662285	28.64827986434102
PMH-bin-1-500000	31	512	1	268	1108.6284036170691	26.952973576262593
PMH-bin-1-2500000	31	512	1	268	1284.7378024421632	27.162541516125202
PMH-bin-1-10000000	31	512	1	268	1362.0413020588458	29.99612651579082
PMH-bin-0.5-500000	31	512	0.5	268	1111.3937117531896	26.058516055345535
PMH-bin-0.5-2500000	31	512	0.5	268	1304.7493599075824	26.36334472335875
PMH-bin-0.5-10000000	31	512	0.5	268	1347.6223929356784	29.258115572854877
PMH-bin-8-500000	31	8192	8	268	1157.2508643120527	179.04246749728918
PMH-bin-8-2500000	31	8192	8	268	1302.1024611312896	181.93291175551713
PMH-bin-8-10000000	31	8192	8	268	1391.3491705600172	180.98438713513315
PMH-bin-4-500000	31	8192	4	268	1150.4154677260667	85.24099384248257
PMH-bin-4-2500000	31	8192	4	268	1296.9851459637284	86.18661531060934
PMH-bin-4-10000000	31	8192	4	268	1403.6255731843412	87.8569363784045
PMH-bin-2-500000	31	8192	2	268	1147.167366091162	37.83641766756773
PMH-bin-2-2500000	31	8192	2	268	1310.0031478982419	39.02551402710378
PMH-bin-2-10000000	31	8192	2	268	1389.0356830656528	39.068873750045896
PMH-bin-1-500000	31	8192	1	268	1144.543080843985	34.28065970726311
PMH-bin-1-2500000	31	8192	1	268	1314.2545139547437	34.62273014523089
PMH-bin-1-10000000	31	8192	1	268	1381.583340536803	37.65664470382035
PMH-bin-0.5-500000	31	8192	0.5	268	1125.9715422485024	34.82082713581622
PMH-bin-0.5-2500000	31	8192	0.5	268	1319.8402899634093	36.4381320849061
PMH-bin-0.5-10000000	31	8192	0.5	268	1388.1887267194688	40.27320478670299
