# A tibble: 6 × 12
# Groups:   k, sketchsize, bin [6]
    bin     k sketchsize     n   BD1   BD2   BD4   BD8 Dash1  FSS1  Mash   SS1
  <dbl> <int>      <int> <int> <dbl> <dbl> <dbl> <dbl> <dbl> <dbl> <dbl> <dbl>
1     0    21       8192   964  14.9  14.5 14.0  14.4   14.2  15.1  10.9  15.8
2     0    21      32768   964  16.0  14.7 13.4  14.5   14.2  15.4  13.6  14.9
3     0    21     131072   964  16.3  14.4 14.5  14.6   14.7  15.1  17.0  14.8
4     0    31       8192   964  12.7  11.2  8.40  7.68  11.9  11.4  16.8  10.3
5     0    31      32768   964  11.9  10.4 10.8  11.2   11.6  11.2  12.3  10.5
6     0    31     131072   964  12.7  10.7 10.1  10.4   11.6  11.4  11.7  11.6
