# A tibble: 6 × 12
# Groups:   k, sketchsize, bin [6]
    bin     k sketchsize     n Dash1  FSS1 JItrue  Mash `PMH1-500000` `PMH1-50000000`   SS1 WJItrue
  <dbl> <int>      <int> <int> <dbl> <dbl>  <dbl> <dbl>         <dbl>           <dbl> <dbl>   <dbl>
1     0    21       8192  1010  7.34  5.35   5.09  12.8          34.1            6.46  6.98    5.05
2     0    21      32768  1010  7.76  8.26   5.09  11.2          34.1            6.36  6.10    5.05
3     0    21     131072  1010  7.41  7.65   5.09  11.1          34.1            6.32  8.52    5.05
4     0    31       8192  1010 12.6  11.8    6.90  16.5          23.9            9.76 11.1     6.89
5     0    31      32768  1010  9.64 10.4    6.90  13.0          23.8            9.78 11.8     6.95
6     0    31     131072  1010  7.65 11.0    6.90  13.2          23.9            9.78 11.0     6.95
