# A tibble: 6 × 12
# Groups:   k, sketchsize, bin [6]
    bin     k sketchsize     n Dash1  FSS1 JItrue  Mash `PMH1-500000` `PMH1-50000000`   SS1 WJItrue
  <dbl> <int>      <int> <int> <dbl> <dbl>  <dbl> <dbl>         <dbl>           <dbl> <dbl>   <dbl>
1     0    21       8192  1010 1.94   1.41  0.443  6.80          1.56           0.273  2.61   0.401
2     0    21      32768  1010 3.05   3.72  0.443  6.06          1.55           0.279  2.02   0.401
3     0    21     131072  1010 3.17   3.06  0.443  6.06          1.55           0.276  3.66   0.401
4     0    31       8192  1010 4.54   4.40  0.229  8.20          1.06           0.538  3.88   0.216
5     0    31      32768  1010 2.38   3.30  0.229  5.36          1.05           0.544  4.47   0.217
6     0    31     131072  1010 0.787  3.64  0.229  5.37          1.05           0.543  3.75   0.217
