# A tibble: 6 × 16
# Groups:   k, sketchsize, bin [6]
    bin     k sketchsize     n   BD1   BD2   BD4   BD8 Dash1  FSS1 JItrue  Mash `PMH1-500000` `PMH1-50000000`   SS1 WJItrue
  <dbl> <int>      <int> <int> <dbl> <dbl> <dbl> <dbl> <dbl> <dbl>  <dbl> <dbl>         <dbl>           <dbl> <dbl>   <dbl>
1     0    21       8192   964  1.61  1.35  1.27  1.18  1.45  1.59  0.849  1.17         -29.6            1.66  1.55    1.22
2     0    21      32768   964  1.72  1.52  1.40  1.35  1.52  1.60  0.849  1.42         -29.6            1.61  1.55    1.22
3     0    21     131072   964  1.77  1.53  1.52  1.52  1.52  1.58  0.849  1.71         -29.7            1.60  1.57    1.22
4     0    31       8192   964  4.65  4.36  4.10  3.76  4.25  4.49  4.11   4.58         -14.6            5.32  4.41    4.21
5     0    31      32768   964  4.65  4.45  4.40  4.36  4.48  4.47  4.11   4.53         -14.6            5.32  4.46    4.30
6     0    31     131072   964  4.72  4.46  4.43  4.45  4.57  4.50  4.11   4.51         -14.7            5.33  4.51    4.30
