# A tibble: 6 × 12
# Groups:   k, sketchsize, bin [6]
    bin     k sketchsize     n  Dash1   FSS1 JItrue  Mash `PMH1-500000` `PMH1-50000000`    SS1 WJItrue
  <dbl> <int>      <int> <int>  <dbl>  <dbl>  <dbl> <dbl>         <dbl>           <dbl>  <dbl>   <dbl>
1     0    21       8192  1010  0.483  0.506 -0.444 -7.02        -26.1             4.47 -1.12   0.0859
2     0    21      32768  1010 -1.49  -2.67  -0.444 -5.84        -26.2             4.47 -0.574  0.0859
3     0    21     131072  1010 -1.78  -2.11  -0.444 -5.35        -26.3             4.45 -3.03   0.0859
4     0    31       8192  1010  1.05   0.586  4.59  -4.48         -9.97            9.35  1.39   4.78  
5     0    31      32768  1010  4.28   1.91   4.59  -1.09         -9.96            9.38  0.388  4.90  
6     0    31     131072  1010  5.77   1.23   4.59  -1.05        -10.0             9.39  1.37   4.90  
