# A tibble: 6 × 16
# Groups:   k, sketchsize, bin [6]
    bin     k sketchsize     n    BD1   BD8 Dash1  FSS1  FSS8 JItrue  Mash `PMH1-50000000`    SM   SS1   SS8 WJItrue
  <dbl> <int>      <int> <int>  <dbl> <dbl> <dbl> <dbl> <dbl>  <dbl> <dbl>           <dbl> <dbl> <dbl> <dbl>   <dbl>
1     0    21       8192  1010 0.640   7.51 1.94   1.41  7.46  0.443  6.80           0.273  6.80  2.61  6.10   0.401
2     0    21      32768  1010 0.0740  6.07 3.05   3.72  4.15  0.443  6.06           0.279  6.06  2.02  6.07   0.401
3     0    21     131072  1010 0.0699  6.06 3.17   3.06  4.17  0.443  6.06           0.276  6.06  3.66  5.50   0.401
4     0    31       8192  1010 0.213  11.1  4.54   4.40  7.89  0.229  8.20           0.538  8.20  3.88  9.62   0.217
5     0    31      32768  1010 0.213   6.13 2.38   3.30  6.14  0.229  5.36           0.544  5.36  4.47  6.13   0.217
6     0    31     131072  1010 0.212   6.14 0.787  3.64  6.14  0.229  5.37           0.543  6.14  3.75  6.13   0.217
