# A tibble: 6 × 13
# Groups:   k, sketchsize, bin [6]
    bin     k sketchsize     n   BD1   BD8 Dash1  FSS1  FSS8  Mash    SM   SS1   SS8
  <dbl> <int>      <int> <int> <dbl> <dbl> <dbl> <dbl> <dbl> <dbl> <dbl> <dbl> <dbl>
1     0    21       8192  1010  15.1 14.4   14.7  15.3  15.1  10.9  10.8  15.9 11.9 
2     0    21      32768  1010  16.2 14.5   14.4  15.4  14.3  13.5  13.5  15.0 16.6 
3     0    21     131072  1010  16.5 14.7   14.8  15.1  14.8  17.0  17.0  14.8 14.6 
4     0    31       8192  1010  12.9  7.65  12.1  11.4  12.5  16.7  16.7  10.4  7.20
5     0    31      32768  1010  12.1 11.2   11.8  11.2  12.1  12.3  12.3  10.5 10.1 
6     0    31     131072  1010  12.9 10.4   11.7  11.4  12.0  11.7  11.7  11.6 10.3 
