# A tibble: 6 × 13
# Groups:   k, sketchsize, bin [6]
    bin     k sketchsize     n   BD1   BD8 Dash1  FSS1  FSS8  Mash    SM   SS1   SS8
  <dbl> <int>      <int> <int> <dbl> <dbl> <dbl> <dbl> <dbl> <dbl> <dbl> <dbl> <dbl>
1     0    21       8192   964  18.6  34.8  24.2  18.7  31.5  31.9  31.9  19.7  34.3
2     0    21      32768   964  17.0  22.0  17.4  16.4  21.3  20.4  20.4  16.0  22.8
3     0    21     131072   964  16.4  17.1  15.7  15.4  17.0  18.8  18.8  15.0  16.9
4     0    31       8192   964  16.2  31.4  21.4  15.8  31.2  33.1  33.1  15.6  30.4
5     0    31      32768   964  13.1  19.3  15.4  12.9  18.8  19.1  19.1  12.2  18.9
6     0    31     131072   964  12.9  13.5  12.7  11.9  14.3  14.3  14.3  12.0  13.5
