# A tibble: 6 × 13
# Groups:   k, sketchsize, bin [6]
    bin     k sketchsize     n   BD1   BD8 Dash1  FSS1  FSS8  Mash    SM   SS1   SS8
  <dbl> <int>      <int> <int> <dbl> <dbl> <dbl> <dbl> <dbl> <dbl> <dbl> <dbl> <dbl>
1     0    21       8192   964  14.9 14.4   14.2  15.1  15.0  10.9  10.9  15.8 11.8 
2     0    21      32768   964  16.0 14.5   14.2  15.4  14.2  13.6  13.6  14.9 16.5 
3     0    21     131072   964  16.3 14.6   14.7  15.1  14.7  17.0  16.9  14.8 14.6 
4     0    31       8192   964  12.7  7.68  11.9  11.4  12.4  16.8  16.8  10.3  7.14
5     0    31      32768   964  11.9 11.2   11.6  11.2  12.0  12.3  12.3  10.5 10.0 
6     0    31     131072   964  12.7 10.4   11.6  11.4  11.9  11.7  11.7  11.6 10.4 
