# A tibble: 6 × 16
# Groups:   k, sketchsize, bin [6]
    bin     k sketchsize     n    BD1    BD8  Dash1   FSS1   FSS8 JItrue   Mash `PMH1-50000000`     SM    SS1    SS8 WJItrue
  <dbl> <int>      <int> <int>  <dbl>  <dbl>  <dbl>  <dbl>  <dbl>  <dbl>  <dbl>           <dbl>  <dbl>  <dbl>  <dbl>   <dbl>
1     0    21       8192   964 0.0331 0.0433 0.0590 0.0326 0.0511 0.0306 0.0446          0.0465 0.0448 0.0388 0.0650  0.0314
2     0    21      32768   964 0.0338 0.0363 0.0425 0.0328 0.0309 0.0306 0.0347          0.0454 0.0348 0.0348 0.0350  0.0314
3     0    21     131072   964 0.0332 0.0338 0.0370 0.0328 0.0335 0.0306 0.0321          0.0451 0.0320 0.0321 0.0327  0.0314
4     0    31       8192   964 0.0659 0.0654 0.0881 0.0675 1.03   0.0594 0.0773          0.110  0.0770 0.0600 0.0635  0.0611
5     0    31      32768   964 0.0664 0.0612 0.0680 0.0625 0.0696 0.0594 0.0649          0.112  0.0650 0.0623 0.0594  0.0611
6     0    31     131072   964 0.0681 0.0612 0.0646 0.0629 0.0639 0.0594 0.0637          0.111  0.0638 0.0626 0.0619  0.0611
