# A tibble: 6 × 16
# Groups:   k, sketchsize, bin [6]
    bin     k sketchsize     n   BD1   BD8 Dash1  FSS1  FSS8 JItrue  Mash `PMH1-50000000`    SM   SS1   SS8 WJItrue
  <dbl> <int>      <int> <int> <dbl> <dbl> <dbl> <dbl> <dbl>  <dbl> <dbl>           <dbl> <dbl> <dbl> <dbl>   <dbl>
1     0    21       8192   964  1.61  1.18  1.45  1.59  1.02  0.849  1.17            1.66  1.17  1.55 0.940    1.22
2     0    21      32768   964  1.72  1.35  1.52  1.60  1.46  0.849  1.42            1.61  1.42  1.55 1.62     1.22
3     0    21     131072   964  1.77  1.52  1.52  1.58  1.52  0.849  1.71            1.60  1.71  1.57 1.51     1.22
4     0    31       8192   964  4.65  3.76  4.25  4.49  3.30  4.11   4.58            5.32  4.58  4.41 3.91     4.30
5     0    31      32768   964  4.65  4.36  4.48  4.47  4.52  4.11   4.53            5.32  4.53  4.46 4.33     4.30
6     0    31     131072   964  4.72  4.45  4.57  4.50  4.50  4.11   4.51            5.33  4.51  4.51 4.42     4.30
