# A tibble: 6 × 13
# Groups:   k, sketchsize, bin [6]
    bin     k sketchsize     n   BD1   BD8 Dash1  FSS1  FSS8  Mash    SM   SS1   SS8
  <dbl> <int>      <int> <int> <dbl> <dbl> <dbl> <dbl> <dbl> <dbl> <dbl> <dbl> <dbl>
1     0    21       8192  1010  18.8  35.3  24.9  18.9  32.2  32.4  32.4  19.9  34.8
2     0    21      32768  1010  17.2  22.3  17.8  16.5  21.6  20.6  20.6  16.1  23.1
3     0    21     131072  1010  16.6  17.2  15.9  15.4  17.2  19.0  18.9  15.1  17.0
4     0    31       8192  1010  16.4  31.8  22.2  16.0  31.6  33.4  33.5  15.8  30.9
5     0    31      32768  1010  13.3  19.5  15.9  12.9  19.0  19.3  19.3  12.3  19.2
6     0    31     131072  1010  13.1  13.6  12.9  12.0  14.4  14.4  14.4  12.0  13.6
