# A tibble: 6 × 16
# Groups:   k, sketchsize, bin [6]
    bin     k sketchsize     n   BD1   BD8  Dash1   FSS1  FSS8 JItrue  Mash `PMH1-50000000`    SM    SS1   SS8 WJItrue
  <dbl> <int>      <int> <int> <dbl> <dbl>  <dbl>  <dbl> <dbl>  <dbl> <dbl>           <dbl> <dbl>  <dbl> <dbl>   <dbl>
1     0    21       8192  1010  1.54 -7.57  0.483  0.506 -7.71 -0.444 -7.02            4.47 -7.02 -1.12  -6.21  0.0859
2     0    21      32768  1010  2.42 -5.74 -1.49  -2.67  -3.41 -0.444 -5.84            4.47 -5.83 -0.574 -5.38  0.0859
3     0    21     131072  1010  2.51 -5.60 -1.78  -2.11  -3.47 -0.444 -5.35            4.45 -5.35 -3.03  -4.87  0.0859
4     0    31       8192  1010  6.98 -8.71  1.05   0.586 -3.84  4.59  -4.48            9.35 -4.48  1.39  -6.82  4.90  
5     0    31      32768  1010  6.99 -1.97  4.28   1.91  -1.80  4.59  -1.09            9.38 -1.08  0.388 -2.09  4.90  
6     0    31     131072  1010  7.03 -1.83  5.77   1.23  -1.78  4.59  -1.05            9.39 -1.82  1.37  -1.94  4.90  
