# A tibble: 6 × 16
# Groups:   k, sketchsize, bin [6]
    bin     k sketchsize     n   BD1   BD8 Dash1  FSS1  FSS8 JItrue  Mash `PMH1-50000000`    SM   SS1   SS8 WJItrue
  <dbl> <int>      <int> <int> <dbl> <dbl> <dbl> <dbl> <dbl>  <dbl> <dbl>           <dbl> <dbl> <dbl> <dbl>   <dbl>
1     0    21       8192   964  2.72  3.49  3.32  2.72  3.20   2.52  3.41            3.60  3.41  2.76  3.71    2.55
2     0    21      32768   964  2.75  2.73  2.76  2.65  2.73   2.52  2.83            3.47  2.84  2.65  2.90    2.55
3     0    21     131072   964  2.74  2.61  2.65  2.63  2.66   2.52  2.68            3.45  2.68  2.62  2.62    2.55
4     0    31       8192   964  4.90  4.57  4.96  4.80  5.68   4.51  5.09            5.73  5.09  4.68  4.65    4.62
5     0    31      32768   964  4.91  4.66  4.80  4.74  4.84   4.51  4.82            5.71  4.82  4.73  4.62    4.62
6     0    31     131072   964  4.97  4.71  4.83  4.76  4.78   4.51  4.78            5.72  4.78  4.78  4.70    4.62
