# A tibble: 6 × 13
# Groups:   k, sketchsize, bin [6]
    bin     k sketchsize     n   BD1   BD8 Dash1  FSS1  FSS8  Mash    SM   SS1   SS8
  <dbl> <int>      <int> <int> <dbl> <dbl> <dbl> <dbl> <dbl> <dbl> <dbl> <dbl> <dbl>
1     0    21       8192  1010 0.752 2.03  1.10  0.776 1.78  1.79  1.79  0.814 2.02 
2     0    21      32768  1010 0.677 0.977 0.711 0.669 0.903 0.872 0.873 0.651 1.01 
3     0    21     131072  1010 0.650 0.683 0.644 0.628 0.701 0.765 0.764 0.616 0.686
4     0    31       8192  1010 0.601 1.76  0.938 0.584 1.68  1.95  1.95  0.595 1.68 
5     0    31      32768  1010 0.481 0.748 0.580 0.475 0.735 0.766 0.765 0.463 0.760
6     0    31     131072  1010 0.474 0.492 0.479 0.461 0.522 0.544 0.544 0.456 0.513
