# A tibble: 6 × 13
# Groups:   k, sketchsize, bin [6]
    bin     k sketchsize     n   BD1   BD8 Dash1  FSS1  FSS8  Mash    SM   SS1   SS8
  <dbl> <int>      <int> <int> <dbl> <dbl> <dbl> <dbl> <dbl> <dbl> <dbl> <dbl> <dbl>
1     0    21       8192   964 0.750 2.02  1.08  0.773 1.76  1.78  1.78  0.812 2.01 
2     0    21      32768   964 0.676 0.974 0.705 0.668 0.898 0.870 0.870 0.651 1.01 
3     0    21     131072   964 0.649 0.681 0.642 0.628 0.700 0.764 0.764 0.615 0.685
4     0    31       8192   964 0.600 1.75  0.912 0.583 1.67  1.94  1.94  0.594 1.67 
5     0    31      32768   964 0.480 0.746 0.573 0.475 0.733 0.764 0.763 0.463 0.757
6     0    31     131072   964 0.473 0.491 0.477 0.461 0.521 0.544 0.544 0.456 0.512
