# A tibble: 6 × 16
# Groups:   k, sketchsize, bin [6]
    bin     k sketchsize     n   BD1   BD8 Dash1  FSS1  FSS8 JItrue  Mash `PMH1-50000000`    SM   SS1   SS8 WJItrue
  <dbl> <int>      <int> <int> <dbl> <dbl> <dbl> <dbl> <dbl>  <dbl> <dbl>           <dbl> <dbl> <dbl> <dbl>   <dbl>
1     0    21       8192  1010  4.51  13.8  7.34  5.35 13.5    5.09  12.8            6.46  12.8  6.98  12.3    5.05
2     0    21      32768  1010  3.81  11.2  7.76  8.26  9.06   5.09  11.2            6.36  11.2  6.10  11.4    5.05
3     0    21     131072  1010  3.78  11.0  7.41  7.65  9.05   5.09  11.1            6.32  11.1  8.52  10.4    5.05
4     0    31       8192  1010  7.32  19.4 12.6  11.8  15.8    6.90  16.5            9.76  16.5 11.1   17.8    6.95
5     0    31      32768  1010  7.32  13.8  9.64 10.4  14.0    6.90  13.0            9.78  13.1 11.8   13.7    6.95
6     0    31     131072  1010  7.37  13.9  7.65 11.0  14.0    6.90  13.2            9.78  13.9 11.0   13.8    6.95
