# A tibble: 585 × 14
# Groups:   k, totbits, bin [288]
        k totbits   bin     n        BD1        BD2         BD4         Dash1       FSS1         SS1         BD8       FSS8     Mash        SS8
    <int>   <dbl> <dbl> <int>      <dbl>      <dbl>       <dbl>         <dbl>      <dbl>       <dbl>       <dbl>      <dbl>    <dbl>      <dbl>
  1    21   16384  0      159    16.4       NA         NA         15.6          15.4       15.5         NA         NA         NA       NA      
  2    21   16384  0      188    NA         19.2       NA         NA            NA         NA           NA         NA         NA       NA      
  3    21   16384  0      394    NA         NA         54.1       NA            NA         NA           NA         NA         NA       NA      
  4    21   16384  0.05  1471    13.7       NA         NA         10.4           5.29       3.93        NA         NA         NA       NA      
  5    21   16384  0.05  1470    NA         14.4       NA         NA            NA         NA           NA         NA         NA       NA      
  6    21   16384  0.05  1542    NA         NA         33.8       NA            NA         NA           NA         NA         NA       NA      
  7    21   16384  0.1   1971     9.75      NA         NA         11.6           7.41      -1.27        NA         NA         NA       NA      
  8    21   16384  0.1   1983    NA          8.76      NA         NA            NA         NA           NA         NA         NA       NA      
  9    21   16384  0.1   1994    NA         NA         20.2       NA            NA         NA           NA         NA         NA       NA      
 10    21   16384  0.15  2040     9.42      NA         NA         14.3           1.10       0.789       NA         NA         NA       NA      
 11    21   16384  0.15  2042    NA         12.3       NA         NA            NA         NA           NA         NA         NA       NA      
 12    21   16384  0.15  2012    NA         NA         26.3       NA            NA         NA           NA         NA         NA       NA      
 13    21   16384  0.2   2169    17.1       NA         NA         -3.11         -2.83       5.65        NA         NA         NA       NA      
 14    21   16384  0.2   2150    NA         -3.53      NA         NA            NA         NA           NA         NA         NA       NA      
 15    21   16384  0.2   2059    NA         NA          0.281     NA            NA         NA           NA         NA         NA       NA      
 16    21   16384  0.25  2597    23.0       NA         NA         -7.12          9.46      12.8         NA         NA         NA       NA      
 17    21   16384  0.25  2581    NA          9.25      NA         NA            NA         NA           NA         NA         NA       NA      
 18    21   16384  0.25  2495    NA         NA          3.12      NA            NA         NA           NA         NA         NA       NA      
 19    21   16384  0.3   2474    23.9       NA         NA         -1.16         -7.77       0.599       NA         NA         NA       NA      
 20    21   16384  0.3   2469    NA         11.8       NA         NA            NA         NA           NA         NA         NA       NA      
 21    21   16384  0.3   2410    NA         NA        -25.5       NA            NA         NA           NA         NA         NA       NA      
 22    21   16384  0.35  2840    29.3       NA         NA         21.5          12.0        2.78        NA         NA         NA       NA      
 23    21   16384  0.35  2839    NA         36.7       NA         NA            NA         NA           NA         NA         NA       NA      
 24    21   16384  0.35  2817    NA         NA         14.9       NA            NA         NA           NA         NA         NA       NA      
 25    21   16384  0.4   2872    32.1       45.3       NA          6.86         12.7       -3.29        NA         NA         NA       NA      
 26    21   16384  0.4   2870    NA         NA         54.6       NA            NA         NA           NA         NA         NA       NA      
 27    21   16384  0.45  2810    30.2       NA         93.0       14.1          19.8       -6.87        NA         NA         NA       NA      
 28    21   16384  0.45  2809    NA         48.8       NA         NA            NA         NA           NA         NA         NA       NA      
 29    21   16384  0.5   2460    33.4       44.5      107.        35.0          20.7      -11.1         NA         NA         NA       NA      
 30    21   16384  0.55  3340    51.9       73.8       NA         22.3          26.7       30.1         NA         NA         NA       NA      
 31    21   16384  0.55  3341    NA         NA        126.        NA            NA         NA           NA         NA         NA       NA      
 32    21   16384  0.6   2630    39.9       46.1       83.1       22.1          25.7       25.6         NA         NA         NA       NA      
 33    21   16384  0.65  2949    37.4       53.9       58.8       14.8          43.2       48.7         NA         NA         NA       NA      
 34    21   16384  0.7   3275    56.2       NA         NA         41.6          57.9       50.8         NA         NA         NA       NA      
 35    21   16384  0.7   3274    NA         63.6       66.9       NA            NA         NA           NA         NA         NA       NA      
 36    21   16384  0.75  2934    63.6       68.9       69.7       51.6          63.8       59.3         NA         NA         NA       NA      
 37    21   16384  0.8   3701    92.6       NA        103.        80.1          91.8       83.8         NA         NA         NA       NA      
 38    21   16384  0.8   3702    NA         95.7       NA         NA            NA         NA           NA         NA         NA       NA      
 39    21   16384  0.85  2972    84.7       87.6       98.3       85.8          90.7       79.1         NA         NA         NA       NA      
 40    21   16384  0.9   2196    52.9       50.9       57.3       50.1          50.4       51.3         NA         NA         NA       NA      
 41    21   16384  0.95  1720    39.3       38.4       40.6       40.7          39.1       40.2         NA         NA         NA       NA      
 42    21   32768  0      141    12.5       NA         NA         12.4          12.1       12.0         NA         NA         NA       NA      
 43    21   32768  0      159    NA         15.9       NA         NA            NA         NA           NA         NA         NA       NA      
 44    21   32768  0      188    NA         NA         19.2       NA            NA         NA           NA         NA         NA       NA      
 45    21   32768  0      394    NA         NA         NA         NA            NA         NA           54.1       52.9       52.1     52.1    
 46    21   32768  0.05  1473    12.8       NA         NA         13.8           7.41       6.62        NA         NA         NA       NA      
 47    21   32768  0.05  1471    NA          8.24      NA         NA            NA         NA           NA         NA         NA       NA      
 48    21   32768  0.05  1470    NA         NA         14.4       NA            NA         NA           NA         NA         NA       NA      
 49    21   32768  0.05  1542    NA         NA         NA         NA            NA         NA           33.8       25.2       27.2     29.7    
 50    21   32768  0.1   1979     9.93      NA         NA         18.7           9.92       2.47        NA         NA         NA       NA      
 51    21   32768  0.1   1971    NA          2.26      NA         NA            NA         NA           NA         NA         NA       NA      
 52    21   32768  0.1   1983    NA         NA          8.75      NA            NA         NA           NA         NA         NA       NA      
 53    21   32768  0.1   1994    NA         NA         NA         NA            NA         NA           20.2       16.6       10.5     13.6    
 54    21   32768  0.15  2044    16.8       NA         NA         26.5           7.30       5.15        NA         NA         NA       NA      
 55    21   32768  0.15  2040    NA          3.31      NA         NA            NA         NA           NA         NA         NA       NA      
 56    21   32768  0.15  2042    NA         NA         12.0       NA            NA         NA           NA         NA         NA       NA      
 57    21   32768  0.15  2012    NA         NA         NA         NA            NA         NA           26.3       15.1        9.52    -5.22   
 58    21   32768  0.2   2173    17.1       NA         NA          5.01         10.8        9.14        NA         NA         NA       NA      
 59    21   32768  0.2   2169    NA          9.74      NA         NA            NA         NA           NA         NA         NA       NA      
 60    21   32768  0.2   2150    NA         NA         -3.55      NA            NA         NA           NA         NA         NA       NA      
 61    21   32768  0.2   2059    NA         NA         NA         NA            NA         NA            0.281     -8.70     -18.9     -0.772  
 62    21   32768  0.25  2603    16.1       NA         NA         -5.13         11.6       15.2         NA         NA         NA       NA      
 63    21   32768  0.25  2597    NA         16.3       NA         NA            NA         NA           NA         NA         NA       NA      
 64    21   32768  0.25  2581    NA         NA          9.23      NA            NA         NA           NA         NA         NA       NA      
 65    21   32768  0.25  2495    NA         NA         NA         NA            NA         NA            3.12      24.6       -5.08    17.5    
 66    21   32768  0.3   2472    17.4       NA         NA          7.81          5.03       7.85        NA         NA         NA       NA      
 67    21   32768  0.3   2474    NA         16.7       NA         NA            NA         NA           NA         NA         NA       NA      
 68    21   32768  0.3   2469    NA         NA         11.8       NA            NA         NA           NA         NA         NA       NA      
 69    21   32768  0.3   2410    NA         NA         NA         NA            NA         NA          -25.5       25.7       -5.55    16.1    
 70    21   32768  0.35  2838    20.3       NA         NA         22.2          26.6       20.5         NA         NA         NA       NA      
 71    21   32768  0.35  2840    NA         22.4       NA         NA            NA         NA           NA         NA         NA       NA      
 72    21   32768  0.35  2839    NA         NA         36.5       NA            NA         NA           NA         NA         NA       NA      
 73    21   32768  0.35  2817    NA         NA         NA         NA            NA         NA           14.9       30.5        7.81    17.0    
 74    21   32768  0.4   2872    23.5       28.5       44.4       25.2          30.0       10.9         NA         NA         NA       NA      
 75    21   32768  0.4   2870    NA         NA         NA         NA            NA         NA           54.6       18.8       -9.14     6.54   
 76    21   32768  0.45  2809    28.0       NA         48.2       15.7          39.7       15.4         NA         NA         NA       NA      
 77    21   32768  0.45  2810    NA         27.2       NA         NA            NA         NA           93.0       -0.983      1.93   -17.6    
 78    21   32768  0.5   2460    27.1       30.1       44.5       27.9          36.7       11.3        107.        11.9       -0.473  -15.1    
 79    21   32768  0.55  3340    37.6       47.9       73.8       37.4          44.2       33.8         NA         NA         NA       NA      
 80    21   32768  0.55  3341    NA         NA         NA         NA            NA         NA          126.        -5.67      43.2     11.7    
 81    21   32768  0.6   2630    35.2       36.8       46.1       31.7          34.5       24.8         83.1       15.7        5.89    22.6    
 82    21   32768  0.65  2949    30.7       34.9       53.9       35.7          49.1       44.8         58.8       19.1       56.0     36.2    
 83    21   32768  0.7   3274    54.7       NA         63.6       47.9          62.0       55.8         66.9       47.3       62.2     45.2    
 84    21   32768  0.7   3275    NA         53.0       NA         NA            NA         NA           NA         NA         NA       NA      
 85    21   32768  0.75  2934    60.7       61.2       68.2       50.0          61.6       61.4         69.7       55.7       54.6     49.6    
 86    21   32768  0.8   3701    91.5       90.1       NA         82.3          90.2       88.0        103.        91.0       76.2     80.3    
 87    21   32768  0.8   3702    NA         NA         95.7       NA            NA         NA           NA         NA         NA       NA      
 88    21   32768  0.85  2972    86.2       84.0       87.6       86.4          87.0       80.2         98.3       84.3       65.4     86.0    
 89    21   32768  0.9   2196    50.7       52.4       50.9       40.4          47.1       44.6         57.3       49.2       51.1     43.3    
 90    21   32768  0.95  1720    38.4       39.2       38.4       35.3          37.5       37.3         40.6       41.7       40.9     34.4    
 91    21   65536  0      121     9.16      NA         NA          8.54          8.79       8.73        NA         NA         NA       NA      
 92    21   65536  0      141    NA         12.0       NA         NA            NA         NA           NA         NA         NA       NA      
 93    21   65536  0      159    NA         NA         15.9       NA            NA         NA           NA         NA         NA       NA      
 94    21   65536  0      188    NA         NA         NA         NA            NA         NA           19.2       19.2       19.0     19.4    
 95    21   65536  0.05  1473    10.7        7.21      NA          8.14          6.83       4.26        NA         NA         NA       NA      
 96    21   65536  0.05  1471    NA         NA          8.22      NA            NA         NA           NA         NA         NA       NA      
 97    21   65536  0.05  1470    NA         NA         NA         NA            NA         NA           14.4        8.43       6.35     8.36   
 98    21   65536  0.1   1978     9.29      NA         NA         12.3           8.58       3.99        NA         NA         NA       NA      
 99    21   65536  0.1   1979    NA          2.86      NA         NA            NA         NA           NA         NA         NA       NA      
100    21   65536  0.1   1971    NA         NA          2.22      NA            NA         NA           NA         NA         NA       NA      
101    21   65536  0.1   1983    NA         NA         NA         NA            NA         NA            8.75       7.20       6.24     4.61   
102    21   65536  0.15  2048    18.4       NA         NA         19.0           8.83       9.58        NA         NA         NA       NA      
103    21   65536  0.15  2044    NA         10.6       NA         NA            NA         NA           NA         NA         NA       NA      
104    21   65536  0.15  2040    NA         NA          3.14      NA            NA         NA           NA         NA         NA       NA      
105    21   65536  0.15  2042    NA         NA         NA         NA            NA         NA           12.0        0.669      4.03    -4.24   
106    21   65536  0.2   2174    17.4       NA         NA         -2.93          9.24      10.0         NA         NA         NA       NA      
107    21   65536  0.2   2173    NA         10.3       NA         NA            NA         NA           NA         NA         NA       NA      
108    21   65536  0.2   2169    NA         NA          9.73      NA            NA         NA           NA         NA         NA       NA      
109    21   65536  0.2   2150    NA         NA         NA         NA            NA         NA           -3.55     -10.9      -15.8     14.6    
110    21   65536  0.25  2609    17.9       NA         NA          1.07         11.4       16.2         NA         NA         NA       NA      
111    21   65536  0.25  2603    NA          9.58      NA         NA            NA         NA           NA         NA         NA       NA      
112    21   65536  0.25  2597    NA         NA         16.3       NA            NA         NA           NA         NA         NA       NA      
113    21   65536  0.25  2581    NA         NA         NA         NA            NA         NA            9.23      16.2       11.5     15.6    
114    21   65536  0.3   2478    19.2       NA         NA         15.6           9.72       7.34        NA         NA         NA       NA      
115    21   65536  0.3   2472    NA         10.7       NA         NA            NA         NA           NA         NA         NA       NA      
116    21   65536  0.3   2474    NA         NA         16.7       NA            NA         NA           NA         NA         NA       NA      
117    21   65536  0.3   2469    NA         NA         NA         NA            NA         NA           11.8        7.14      34.6    -10.4    
118    21   65536  0.35  2842    17.0       NA         NA         24.6          19.1       15.1         NA         NA         NA       NA      
119    21   65536  0.35  2838    NA         13.8       NA         NA            NA         NA           NA         NA         NA       NA      
120    21   65536  0.35  2840    NA         NA         22.3       NA            NA         NA           NA         NA         NA       NA      
121    21   65536  0.35  2839    NA         NA         NA         NA            NA         NA           36.5       21.8       44.2      3.59   
122    21   65536  0.4   2872    27.0       18.5       28.1       23.4          21.0       23.2         44.4       15.7       43.3     -2.52   
123    21   65536  0.45  2809    31.7       23.8       NA         29.1          28.3       31.0         48.2       18.2       49.8    -18.6    
124    21   65536  0.45  2810    NA         NA         26.9       NA            NA         NA           NA         NA         NA       NA      
125    21   65536  0.5   2460    29.9       23.9       30.7       32.5          34.8       21.9         44.5       24.1       44.9    -11.1    
126    21   65536  0.55  3340    44.0       33.0       47.9       30.8          43.2       35.8         73.8       26.7       59.1     39.4    
127    21   65536  0.6   2630    35.5       32.2       36.8       31.6          33.5       31.4         46.1       38.3       26.5     41.2    
128    21   65536  0.65  2949    39.8       27.7       34.9       40.6          40.1       43.7         53.9       37.4       62.5     60.0    
129    21   65536  0.7   3274    58.3       51.4       NA         56.3          57.6       54.2         63.6       58.1       65.9     54.4    
130    21   65536  0.7   3275    NA         NA         53.0       NA            NA         NA           NA         NA         NA       NA      
131    21   65536  0.75  2934    61.7       59.3       61.2       56.2          62.3       59.4         68.9       65.6       53.0     61.5    
132    21   65536  0.8   3701    88.9       89.4       90.1       82.5          88.1       83.4         NA         NA         NA       NA      
133    21   65536  0.8   3702    NA         NA         NA         NA            NA         NA           95.7       93.6       84.4     89.3    
134    21   65536  0.85  2972    89.2       85.4       83.9       89.3          81.4       79.3         87.6       85.3       84.0     85.6    
135    21   65536  0.9   2196    48.3       50.1       52.4       46.5          45.1       47.0         50.9       47.2       51.4     52.3    
136    21   65536  0.95  1720    37.4       38.4       39.2       37.8          37.9       37.6         38.4       38.2       39.9     40.3    
137    21  131072  0      115     8.76      NA         NA          8.29          8.35       8.34        NA         NA         NA       NA      
138    21  131072  0      121    NA          8.72      NA         NA            NA         NA           NA         NA         NA       NA      
139    21  131072  0      141    NA         NA         12.0       NA            NA         NA           NA         NA         NA       NA      
140    21  131072  0      159    NA         NA         NA         NA            NA         NA           15.9       15.6       15.6     15.5    
141    21  131072  0.05  1458     8.09      NA         NA          4.29          3.38       1.97        NA         NA         NA       NA      
142    21  131072  0.05  1473    NA          5.49       7.18      NA            NA         NA           NA         NA         NA       NA      
143    21  131072  0.05  1471    NA         NA         NA         NA            NA         NA            8.22       5.22       5.08     4.42   
144    21  131072  0.1   1979     8.85      NA          2.81       5.95          4.61       4.86        NA         NA         NA       NA      
145    21  131072  0.1   1978    NA          2.39      NA         NA            NA         NA           NA         NA         NA       NA      
146    21  131072  0.1   1971    NA         NA         NA         NA            NA         NA            2.22       6.53       6.60    -0.523  
147    21  131072  0.15  2050    14.1       NA         NA         11.1           8.66       7.92        NA         NA         NA       NA      
148    21  131072  0.15  2048    NA         11.6       NA         NA            NA         NA           NA         NA         NA       NA      
149    21  131072  0.15  2044    NA         NA         10.5       NA            NA         NA           NA         NA         NA       NA      
150    21  131072  0.15  2040    NA         NA         NA         NA            NA         NA            3.14       3.11      16.8      0.371  
151    21  131072  0.2   2180    14.6       NA         NA          2.40          6.91       9.26        NA         NA         NA       NA      
152    21  131072  0.2   2174    NA         10.7       NA         NA            NA         NA           NA         NA         NA       NA      
153    21  131072  0.2   2173    NA         NA         10.3       NA            NA         NA           NA         NA         NA       NA      
154    21  131072  0.2   2169    NA         NA         NA         NA            NA         NA            9.73      -1.03      -8.73     6.00   
155    21  131072  0.25  2624    20.3       NA         NA          3.47         13.0       14.3         NA         NA         NA       NA      
156    21  131072  0.25  2609    NA         11.1       NA         NA            NA         NA           NA         NA         NA       NA      
157    21  131072  0.25  2603    NA         NA          9.54      NA            NA         NA           NA         NA         NA       NA      
158    21  131072  0.25  2597    NA         NA         NA         NA            NA         NA           16.3       10.7       21.5     13.9    
159    21  131072  0.3   2474    23.0       NA         NA         10.2           7.93      13.8         16.7       -7.14      57.9      2.26   
160    21  131072  0.3   2478    NA         12.9       NA         NA            NA         NA           NA         NA         NA       NA      
161    21  131072  0.3   2472    NA         NA         10.6       NA            NA         NA           NA         NA         NA       NA      
162    21  131072  0.35  2843    26.2       NA         NA         15.0          13.1       22.0         NA         NA         NA       NA      
163    21  131072  0.35  2842    NA         11.3       NA         NA            NA         NA           NA         NA         NA       NA      
164    21  131072  0.35  2838    NA         NA         13.7       NA            NA         NA           NA         NA         NA       NA      
165    21  131072  0.35  2840    NA         NA         NA         NA            NA         NA           22.3       12.0       77.2      6.05   
166    21  131072  0.4   2872    36.2       22.7       18.3       13.2          22.4       28.1         28.1       13.0       79.8      1.24   
167    21  131072  0.45  2809    42.6       28.0       23.7       24.8          28.9       35.6         NA         NA         NA       NA      
168    21  131072  0.45  2810    NA         NA         NA         NA            NA         NA           26.9       20.2       86.6     -3.55   
169    21  131072  0.5   2460    37.5       26.5       23.9       29.0          27.1       27.9         30.7       22.5       63.2     -9.23   
170    21  131072  0.55  3340    51.2       39.9       33.6       36.2          39.8       38.4         47.9       28.7       65.9     31.0    
171    21  131072  0.6   2630    41.2       32.4       32.2       34.9          29.4       33.1         36.8       27.9       51.1     25.7    
172    21  131072  0.65  2949    41.5       36.8       27.7       37.8          39.6       42.2         34.9       43.9       53.8     47.7    
173    21  131072  0.7   3274    60.6       55.2       51.4       55.0          58.9       53.5         NA         NA         NA       NA      
174    21  131072  0.7   3275    NA         NA         NA         NA            NA         NA           53.0       57.9       68.4     51.6    
175    21  131072  0.75  2934    63.9       59.7       59.3       59.9          64.7       58.0         61.2       63.8       66.2     60.6    
176    21  131072  0.8   3701    90.2       87.1       89.4       85.6          91.2       78.9         90.1       91.9       89.2     84.9    
177    21  131072  0.85  2972    91.8       88.5       85.3       86.4          85.8       81.7         83.9       91.1       89.3     79.1    
178    21  131072  0.9   2196    47.8       47.9       50.1       43.9          46.6       46.8         52.4       50.9       58.3     51.2    
179    21  131072  0.95  1720    37.1       37.4       38.4       36.4          37.9       37.7         39.2       39.2       42.2     40.4    
180    21  262144  0       98     4.66      NA         NA          4.28          4.32       4.29        NA         NA         NA       NA      
181    21  262144  0      115    NA          8.35      NA         NA            NA         NA           NA         NA         NA       NA      
182    21  262144  0      121    NA         NA          8.72      NA            NA         NA           NA         NA         NA       NA      
183    21  262144  0      141    NA         NA         NA         NA            NA         NA           12.0       12.2       12.1     12.0    
184    21  262144  0.05  1465     9.68      NA         NA          5.67          4.52       3.76        NA         NA         NA       NA      
185    21  262144  0.05  1458    NA          2.83      NA         NA            NA         NA           NA         NA         NA       NA      
186    21  262144  0.05  1473    NA         NA          5.44      NA            NA         NA            7.18       7.28       7.00     6.70   
187    21  262144  0.1   1974     8.66      NA         NA          5.90          4.22       3.98        NA         NA         NA       NA      
188    21  262144  0.1   1979    NA          1.99      NA         NA            NA         NA            2.81       9.23       5.83     2.83   
189    21  262144  0.1   1978    NA         NA          2.35      NA            NA         NA           NA         NA         NA       NA      
190    21  262144  0.15  2052    12.3       NA         NA         11.2           8.44       6.90        NA         NA         NA       NA      
191    21  262144  0.15  2050    NA          7.30      NA         NA            NA         NA           NA         NA         NA       NA      
192    21  262144  0.15  2048    NA         NA         11.5       NA            NA         NA           NA         NA         NA       NA      
193    21  262144  0.15  2044    NA         NA         NA         NA            NA         NA           10.5        7.81       8.34     5.37   
194    21  262144  0.2   2184    13.4       NA         NA          2.88          7.63       9.57        NA         NA         NA       NA      
195    21  262144  0.2   2180    NA          7.98      NA         NA            NA         NA           NA         NA         NA       NA      
196    21  262144  0.2   2174    NA         NA         10.7       NA            NA         NA           NA         NA         NA       NA      
197    21  262144  0.2   2173    NA         NA         NA         NA            NA         NA           10.3       10.7       -0.416    8.00   
198    21  262144  0.25  2628    20.9       NA         NA         10.1          15.1       12.3         NA         NA         NA       NA      
199    21  262144  0.25  2624    NA         12.9       NA         NA            NA         NA           NA         NA         NA       NA      
200    21  262144  0.25  2609    NA         NA         11.0       NA            NA         NA           NA         NA         NA       NA      
201    21  262144  0.25  2603    NA         NA         NA         NA            NA         NA            9.54      12.6       28.0     15.9    
202    21  262144  0.3   2477    20.5       NA         NA         16.1          10.0       12.5         NA         NA         NA       NA      
203    21  262144  0.3   2474    NA         16.5       NA         NA            NA         NA           NA         NA         NA       NA      
204    21  262144  0.3   2478    NA         NA         12.8       NA            NA         NA           NA         NA         NA       NA      
205    21  262144  0.3   2472    NA         NA         NA         NA            NA         NA           10.6        8.03      46.1     10.3    
206    21  262144  0.35  2843    23.4       19.2       NA         25.0          16.5       19.5         NA         NA         NA       NA      
207    21  262144  0.35  2842    NA         NA         11.3       NA            NA         NA           NA         NA         NA       NA      
208    21  262144  0.35  2838    NA         NA         NA         NA            NA         NA           13.7       28.9       71.3     22.0    
209    21  262144  0.4   2872    31.0       30.5       22.5       26.8          26.1       22.1         18.3       31.5       63.4     13.5    
210    21  262144  0.45  2810    40.4       NA         NA         34.6          32.0       28.0         NA         NA         NA       NA      
211    21  262144  0.45  2809    NA         37.6       27.9       NA            NA         NA           23.7       40.5       70.1     17.8    
212    21  262144  0.5   2460    37.0       33.5       26.5       31.0          25.7       26.8         23.9       36.6       53.2     11.3    
213    21  262144  0.55  3340    42.4       46.5       39.4       42.8          41.5       37.5         33.0       44.1       47.5     34.1    
214    21  262144  0.6   2630    35.4       37.8       32.4       37.7          32.0       30.3         32.2       35.8       34.6     24.8    
215    21  262144  0.65  2949    41.4       38.3       36.7       42.6          43.7       38.1         27.7       48.1       42.5     44.9    
216    21  262144  0.7   3274    58.0       57.3       55.2       57.9          60.6       52.9         51.4       61.5       60.6     56.8    
217    21  262144  0.75  2934    63.1       61.6       59.6       59.9          64.8       59.9         59.3       61.9       64.7     61.2    
218    21  262144  0.8   3701    87.8       88.1       87.1       86.4          91.1       83.2         89.4       89.1       89.4     88.3    
219    21  262144  0.85  2972    88.2       90.8       88.5       87.6          86.6       83.3         85.3       86.2       87.0     80.9    
220    21  262144  0.9   2196    48.3       47.5       47.9       45.9          48.2       48.0         50.1       47.2       54.0     44.4    
221    21  262144  0.95  1720    37.6       37.1       37.4       36.6          38.3       37.6         38.4       37.7       40.6     37.3    
222    21  524288  0       91     4.14      NA         NA          3.74          3.83       3.79        NA         NA         NA       NA      
223    21  524288  0       98    NA          4.32      NA         NA            NA         NA           NA         NA         NA       NA      
224    21  524288  0      115    NA         NA          8.35      NA            NA         NA           NA         NA         NA       NA      
225    21  524288  0      121    NA         NA         NA         NA            NA         NA            8.72       8.80       8.77     8.71   
226    21  524288  0.05  1459     7.96      NA         NA          3.40          2.40       2.02        NA         NA         NA       NA      
227    21  524288  0.05  1465    NA          4.45      NA         NA            NA         NA           NA         NA         NA       NA      
228    21  524288  0.05  1458    NA         NA          2.80      NA            NA         NA           NA         NA         NA       NA      
229    21  524288  0.05  1473    NA         NA         NA         NA            NA         NA            5.44       6.28       5.25     4.18   
230    21  524288  0.1   1976    10.6       NA         NA          5.88          5.50       4.84        NA         NA         NA       NA      
231    21  524288  0.1   1974    NA          1.90      NA         NA            NA         NA           NA         NA         NA       NA      
232    21  524288  0.1   1979    NA         NA          1.96      NA            NA         NA           NA         NA         NA       NA      
233    21  524288  0.1   1978    NA         NA         NA         NA            NA         NA            2.35       7.67       4.51     4.35   
234    21  524288  0.15  2053    12.9       NA         NA          9.81          8.99       7.77        NA         NA         NA       NA      
235    21  524288  0.15  2052    NA          5.54      NA         NA            NA         NA           NA         NA         NA       NA      
236    21  524288  0.15  2050    NA         NA          7.28      NA            NA         NA           NA         NA         NA       NA      
237    21  524288  0.15  2048    NA         NA         NA         NA            NA         NA           11.5        9.72       8.83     9.36   
238    21  524288  0.2   2189    13.1       NA         NA          5.37          6.68       7.44        NA         NA         NA       NA      
239    21  524288  0.2   2184    NA          7.11      NA         NA            NA         NA           NA         NA         NA       NA      
240    21  524288  0.2   2180    NA         NA          7.98      NA            NA         NA           NA         NA         NA       NA      
241    21  524288  0.2   2174    NA         NA         NA         NA            NA         NA           10.7        8.97       4.89     9.19   
242    21  524288  0.25  2632    22.3       NA         NA         15.0          15.1       11.9         NA         NA         NA       NA      
243    21  524288  0.25  2628    NA         13.6       NA         NA            NA         NA           NA         NA         NA       NA      
244    21  524288  0.25  2624    NA         NA         12.9       NA            NA         NA           NA         NA         NA       NA      
245    21  524288  0.25  2609    NA         NA         NA         NA            NA         NA           11.0       11.5       20.8     16.5    
246    21  524288  0.3   2481    24.4       NA         NA         13.2          12.3       12.9         NA         NA         NA       NA      
247    21  524288  0.3   2477    NA         14.3       NA         NA            NA         NA           NA         NA         NA       NA      
248    21  524288  0.3   2474    NA         NA         16.5       NA            NA         NA           NA         NA         NA       NA      
249    21  524288  0.3   2478    NA         NA         NA         NA            NA         NA           12.8        9.60      24.8      8.76   
250    21  524288  0.35  2842    28.5       NA         NA         20.8          19.8       22.2         11.3       20.2       47.4     18.0    
251    21  524288  0.35  2843    NA         16.8       19.1       NA            NA         NA           NA         NA         NA       NA      
252    21  524288  0.4   2872    35.6       25.2       30.4       25.6          29.1       25.1         22.5       22.8       52.5     26.4    
253    21  524288  0.45  2809    41.9       NA         37.6       31.6          32.1       29.6         27.9       30.7       58.4     34.5    
254    21  524288  0.45  2810    NA         35.3       NA         NA            NA         NA           NA         NA         NA       NA      
255    21  524288  0.5   2460    35.4       32.9       33.4       29.2          25.4       28.8         26.5       35.8       46.8     23.9    
256    21  524288  0.55  3340    44.2       37.3       46.4       41.4          38.8       39.2         39.9       44.1       48.6     36.6    
257    21  524288  0.6   2630    34.1       31.8       37.8       35.6          31.2       31.7         32.4       34.8       31.7     31.1    
258    21  524288  0.65  2949    44.4       38.2       38.3       41.5          43.0       40.7         36.7       40.0       40.1     43.7    
259    21  524288  0.7   3274    58.8       54.8       57.3       59.7          58.5       54.0         55.2       58.3       53.1     54.8    
260    21  524288  0.75  2934    62.8       60.9       61.6       63.5          63.8       59.6         59.6       62.9       61.3     59.8    
261    21  524288  0.8   3701    87.1       85.7       88.1       88.7          89.1       84.8         87.1       88.6       88.6     83.8    
262    21  524288  0.85  2971    87.7       NA         NA         88.7          86.0       85.1         NA         NA         NA       NA      
263    21  524288  0.85  2972    NA         87.1       90.8       NA            NA         NA           88.5       81.8       87.8     79.3    
264    21  524288  0.9   2197    46.8       NA         NA         46.8          48.7       47.2         NA         NA         NA       NA      
265    21  524288  0.9   2196    NA         47.9       47.5       NA            NA         NA           47.9       45.4       49.4     47.1    
266    21  524288  0.95  1720    37.4       37.5       37.1       37.6          38.7       37.7         37.4       38.1       38.9     37.6    
267    31   16384  0     1019    16.6       NA         NA         18.9          13.0       14.8         NA         NA         NA       NA      
268    31   16384  0     1053    NA         17.5       NA         NA            NA         NA           NA         NA         NA       NA      
269    31   16384  0     1234    NA         NA         39.3       NA            NA         NA           NA         NA         NA       NA      
270    31   16384  0.05  2650    17.7       NA         NA         -5.82          4.08       2.17        NA         NA         NA       NA      
271    31   16384  0.05  2651    NA         14.7       NA         NA            NA         NA           NA         NA         NA       NA      
272    31   16384  0.05  2663    NA         NA         14.4       NA            NA         NA           NA         NA         NA       NA      
273    31   16384  0.1   2595     0.0251    NA         NA         -1.91          2.41      -8.34        NA         NA         NA       NA      
274    31   16384  0.1   2584    NA        -21.3       NA         NA            NA         NA           NA         NA         NA       NA      
275    31   16384  0.1   2567    NA         NA        -22.6       NA            NA         NA           NA         NA         NA       NA      
276    31   16384  0.15  2470     9.11      NA         NA         18.3          19.7       -1.25        NA         NA         NA       NA      
277    31   16384  0.15  2459    NA          4.52      NA         NA            NA         NA           NA         NA         NA       NA      
278    31   16384  0.15  2406    NA         NA        -19.4       NA            NA         NA           NA         NA         NA       NA      
279    31   16384  0.2   2493    17.9       NA         NA         28.0          -3.65      -5.59        NA         NA         NA       NA      
280    31   16384  0.2   2487    NA          3.78      NA         NA            NA         NA           NA         NA         NA       NA      
281    31   16384  0.2   2411    NA         NA        -14.0       NA            NA         NA           NA         NA         NA       NA      
282    31   16384  0.25  2735    17.7       NA         NA          8.97          1.61       1.86        NA         NA         NA       NA      
283    31   16384  0.25  2726    NA          6.88      NA         NA            NA         NA           NA         NA         NA       NA      
284    31   16384  0.25  2686    NA         NA        -12.1       NA            NA         NA           NA         NA         NA       NA      
285    31   16384  0.3   2445    15.0       18.5       NA         -4.24          4.04       3.14        NA         NA         NA       NA      
286    31   16384  0.3   2438    NA         NA          4.32      NA            NA         NA           NA         NA         NA       NA      
287    31   16384  0.35  2839     1.94      NA         NA          5.19         17.2        5.09        NA         NA         NA       NA      
288    31   16384  0.35  2840    NA        -19.6       NA         NA            NA         NA           NA         NA         NA       NA      
289    31   16384  0.35  2838    NA         NA        -42.7       NA            NA         NA           NA         NA         NA       NA      
290    31   16384  0.4   2351     3.59     -13.9      -30.2        4.59         24.5        8.62        NA         NA         NA       NA      
291    31   16384  0.45  2699     8.56      NA         -9.11      16.1          42.4       16.7         NA         NA         NA       NA      
292    31   16384  0.45  2701    NA          5.98      NA         NA            NA         NA           NA         NA         NA       NA      
293    31   16384  0.5   2665    21.0       NA         NA         37.8          30.3        7.72        NA         NA         NA       NA      
294    31   16384  0.5   2664    NA         28.4       NA         NA            NA         NA           NA         NA         NA       NA      
295    31   16384  0.5   2666    NA         NA          4.53      NA            NA         NA           NA         NA         NA       NA      
296    31   16384  0.55  2442     8.80      13.9      -20.7       19.1          16.2       12.7         NA         NA         NA       NA      
297    31   16384  0.6   2811    20.1       24.3        0.249     15.7          21.1       29.7         NA         NA         NA       NA      
298    31   16384  0.65  2691    24.5       23.7       NA         35.5          37.5       42.4         NA         NA         NA       NA      
299    31   16384  0.65  2692    NA         NA         12.2       NA            NA         NA           NA         NA         NA       NA      
300    31   16384  0.7   2592    33.8       38.6       26.6       34.9          43.1       37.0         NA         NA         NA       NA      
301    31   16384  0.75  2917    38.4       44.3       43.8       48.1          64.0       37.9         NA         NA         NA       NA      
302    31   16384  0.8   2501    46.1       43.3       44.7       53.5          53.1       49.7         NA         NA         NA       NA      
303    31   16384  0.85  2777    68.3       62.6       72.7       78.9          56.1       66.8         NA         NA         NA       NA      
304    31   16384  0.9   2118    31.2       29.3       NA         36.1          24.5       33.1         NA         NA         NA       NA      
305    31   16384  0.9   2119    NA         NA         36.0       NA            NA         NA           NA         NA         NA       NA      
306    31   16384  0.95  1770    24.3       23.2       27.9       26.3          25.2       26.7         NA         NA         NA       NA      
307    31   32768  0      998    15.3       NA         NA         14.4          11.6       12.1         NA         NA         NA       NA      
308    31   32768  0     1019    NA         12.6       NA         NA            NA         NA           NA         NA         NA       NA      
309    31   32768  0     1053    NA         NA         17.5       NA            NA         NA           NA         NA         NA       NA      
310    31   32768  0     1234    NA         NA         NA         NA            NA         NA           39.3       43.5       44.3     47.8    
311    31   32768  0.05  2653    16.5       NA         NA          0.726         7.70       1.88        NA         NA         NA       NA      
312    31   32768  0.05  2650    NA          7.84      NA         NA            NA         NA           NA         NA         NA       NA      
313    31   32768  0.05  2651    NA         NA         14.6       NA            NA         NA           NA         NA         NA       NA      
314    31   32768  0.05  2663    NA         NA         NA         NA            NA         NA           14.4        2.27      19.9     15.4    
315    31   32768  0.1   2592    14.0       NA         NA         -6.45          0.934     -4.84        NA         NA         NA       NA      
316    31   32768  0.1   2595    NA        -10.3       NA         NA            NA         NA           NA         NA         NA       NA      
317    31   32768  0.1   2584    NA         NA        -21.3       NA            NA         NA           NA         NA         NA       NA      
318    31   32768  0.1   2567    NA         NA         NA         NA            NA         NA          -22.6       -0.0562    14.7     -5.71   
319    31   32768  0.15  2481    14.5       NA         NA          0.593        16.7       -0.403       NA         NA         NA       NA      
320    31   32768  0.15  2470    NA          0.0182    NA         NA            NA         NA           NA         NA         NA       NA      
321    31   32768  0.15  2459    NA         NA          4.50      NA            NA         NA           NA         NA         NA       NA      
322    31   32768  0.15  2406    NA         NA         NA         NA            NA         NA          -19.4        5.73      14.0     -7.51   
323    31   32768  0.2   2497    13.0       NA         NA         20.8           5.01      -1.26        NA         NA         NA       NA      
324    31   32768  0.2   2493    NA          9.73      NA         NA            NA         NA           NA         NA         NA       NA      
325    31   32768  0.2   2487    NA         NA          3.75      NA            NA         NA           NA         NA         NA       NA      
326    31   32768  0.2   2411    NA         NA         NA         NA            NA         NA          -14.0       -9.31       4.35    -0.149  
327    31   32768  0.25  2741     9.44      NA         NA         12.2          13.8        4.70        NA         NA         NA       NA      
328    31   32768  0.25  2735    NA          9.27      NA         NA            NA         NA           NA         NA         NA       NA      
329    31   32768  0.25  2726    NA         NA          6.88      NA            NA         NA           NA         NA         NA       NA      
330    31   32768  0.25  2686    NA         NA         NA         NA            NA         NA          -12.1        0.0406    18.8     19.0    
331    31   32768  0.3   2444     9.64      NA         NA          0.557        12.9        4.90        NA         NA         NA       NA      
332    31   32768  0.3   2445    NA          6.88      18.5       NA            NA         NA           NA         NA         NA       NA      
333    31   32768  0.3   2438    NA         NA         NA         NA            NA         NA            4.32     -28.7       18.6     20.7    
334    31   32768  0.35  2839     1.60      -6.48      NA          6.44         24.4       12.6         NA         NA         NA       NA      
335    31   32768  0.35  2840    NA         NA        -19.6       NA            NA         NA           NA         NA         NA       NA      
336    31   32768  0.35  2838    NA         NA         NA         NA            NA         NA          -42.7        3.83      63.6     49.0    
337    31   32768  0.4   2352     5.46      NA         NA          0.733        25.6       17.2         NA         NA         NA       NA      
338    31   32768  0.4   2351    NA         -1.85     -13.9       NA            NA         NA          -30.7       24.1       39.2     39.8    
339    31   32768  0.45  2699     0.545      3.83      NA          5.37         28.3        6.98        -9.11      48.2       26.1     37.9    
340    31   32768  0.45  2701    NA         NA          5.98      NA            NA         NA           NA         NA         NA       NA      
341    31   32768  0.5   2664    10.9       NA         28.4       26.9          22.4       11.8         NA         NA         NA       NA      
342    31   32768  0.5   2665    NA         16.2       NA         NA            NA         NA           NA         NA         NA       NA      
343    31   32768  0.5   2666    NA         NA         NA         NA            NA         NA            4.53      37.2       16.7      8.89   
344    31   32768  0.55  2442     8.58       4.70      13.9       13.0          11.1       12.7        -20.7       43.0       28.3     13.4    
345    31   32768  0.6   2811    22.6       16.1       24.3       13.9          19.8       27.5          0.249     40.5        9.11    28.6    
346    31   32768  0.65  2691    27.5       20.7       23.7       43.5          31.2       38.1         NA         NA         NA       NA      
347    31   32768  0.65  2692    NA         NA         NA         NA            NA         NA           12.2       35.7       23.7     48.8    
348    31   32768  0.7   2592    35.9       30.3       38.6       39.9          37.0       39.4         26.6       34.7       22.7     39.6    
349    31   32768  0.75  2917    43.0       33.5       44.3       54.2          55.1       46.2         43.8       72.9       39.5     29.7    
350    31   32768  0.8   2501    48.6       45.3       43.3       54.9          54.7       50.1         44.7       50.9       54.6     37.9    
351    31   32768  0.85  2777    67.3       67.3       62.6       74.6          63.9       60.5         72.7       43.0       72.8     49.0    
352    31   32768  0.9   2119    26.8       NA         NA         33.3          31.0       33.0         36.0        5.39      27.3     33.8    
353    31   32768  0.9   2118    NA         30.9       29.3       NA            NA         NA           NA         NA         NA       NA      
354    31   32768  0.95  1770    24.7       24.3       23.2       24.7          27.1       26.0         27.9       16.6       21.4     30.8    
355    31   65536  0      984    12.7       NA         NA          9.95          9.14       9.25        NA         NA         NA       NA      
356    31   65536  0      998    NA         11.4       NA         NA            NA         NA           NA         NA         NA       NA      
357    31   65536  0     1019    NA         NA         12.6       NA            NA         NA           NA         NA         NA       NA      
358    31   65536  0     1053    NA         NA         NA         NA            NA         NA           17.5       19.5       20.2     21.4    
359    31   65536  0.05  2643    13.5       NA         NA          0.627         6.09       3.46        NA         NA         NA       NA      
360    31   65536  0.05  2653    NA          5.95      NA         NA            NA         NA           NA         NA         NA       NA      
361    31   65536  0.05  2650    NA         NA          7.82      NA            NA         NA           NA         NA         NA       NA      
362    31   65536  0.05  2651    NA         NA         NA         NA            NA         NA           14.6        1.32       9.31     7.08   
363    31   65536  0.1   2600    14.3       NA         NA         -5.14          3.46      -3.91        NA         NA         NA       NA      
364    31   65536  0.1   2592    NA          4.24      NA         NA            NA         NA           NA         NA         NA       NA      
365    31   65536  0.1   2595    NA         NA        -10.3       NA            NA         NA           NA         NA         NA       NA      
366    31   65536  0.1   2584    NA         NA         NA         NA            NA         NA          -21.3       -3.24       8.05   -12.8    
367    31   65536  0.15  2494    12.2       NA         NA         -8.66         10.9        0.134       NA         NA         NA       NA      
368    31   65536  0.15  2481    NA          6.08      NA         NA            NA         NA           NA         NA         NA       NA      
369    31   65536  0.15  2470    NA         NA          0.00991   NA            NA         NA           NA         NA         NA       NA      
370    31   65536  0.15  2459    NA         NA         NA         NA            NA         NA            4.50       7.34       7.90    -0.114  
371    31   65536  0.2   2502    12.0       NA         NA         13.8           6.14       4.83        NA         NA         NA       NA      
372    31   65536  0.2   2497    NA          4.59      NA         NA            NA         NA           NA         NA         NA       NA      
373    31   65536  0.2   2493    NA         NA          9.62      NA            NA         NA           NA         NA         NA       NA      
374    31   65536  0.2   2487    NA         NA         NA         NA            NA         NA            3.75     -12.9       -1.59    -5.50   
375    31   65536  0.25  2740    13.0       NA         NA          5.58         12.2        9.39        NA         NA         NA       NA      
376    31   65536  0.25  2741    NA          1.15      NA         NA            NA         NA           NA         NA         NA       NA      
377    31   65536  0.25  2735    NA         NA          9.20      NA            NA         NA           NA         NA         NA       NA      
378    31   65536  0.25  2726    NA         NA         NA         NA            NA         NA            6.88     -15.0       -4.49     0.491  
379    31   65536  0.3   2445    13.9       NA          6.88      -0.00451      13.9       10.2         18.5      -22.6       -1.89   -12.1    
380    31   65536  0.3   2444    NA          2.32      NA         NA            NA         NA           NA         NA         NA       NA      
381    31   65536  0.35  2839    15.6       -5.73      -6.49      -0.749        14.8       20.6         NA         NA         NA       NA      
382    31   65536  0.35  2840    NA         NA         NA         NA            NA         NA          -19.6       -6.92      28.4     -1.64   
383    31   65536  0.4   2351    19.1       NA         -1.85       0.921        18.6       20.8        -13.9       17.5       20.7      5.10   
384    31   65536  0.4   2352    NA          0.332     NA         NA            NA         NA           NA         NA         NA       NA      
385    31   65536  0.45  2699    14.5       -4.71       3.35       9.79         18.6       16.8         NA         NA         NA       NA      
386    31   65536  0.45  2701    NA         NA         NA         NA            NA         NA            5.98      43.0        7.71    22.3    
387    31   65536  0.5   2664    21.7        5.52      NA         32.9          20.5       25.8         28.4       26.5        6.70     5.35   
388    31   65536  0.5   2665    NA         NA         16.2       NA            NA         NA           NA         NA         NA       NA      
389    31   65536  0.55  2442    14.3        4.27       4.70      20.6          12.8       16.5         13.9       14.5       15.8      4.42   
390    31   65536  0.6   2811    28.0       18.0       16.1       19.3          16.7       26.5         24.3       29.2        3.13    24.0    
391    31   65536  0.65  2691    34.8       24.0       20.7       39.4          31.5       36.4         23.7       35.2       21.9     38.6    
392    31   65536  0.7   2592    39.4       31.8       30.3       33.8          35.1       37.0         37.9       38.5       11.1     39.0    
393    31   65536  0.75  2917    49.8       39.3       33.4       51.4          52.1       48.0         44.3       59.2       38.3     35.4    
394    31   65536  0.8   2501    52.7       47.5       45.3       55.9          53.5       52.7         43.3       49.9       55.7     42.4    
395    31   65536  0.85  2777    68.0       66.2       67.3       72.7          64.0       67.4         62.6       51.0       77.1     53.7    
396    31   65536  0.9   2118    28.7       NA         30.9       32.4          31.6       36.1         29.3       18.8       42.0     34.6    
397    31   65536  0.9   2119    NA         26.5       NA         NA            NA         NA           NA         NA         NA       NA      
398    31   65536  0.95  1770    24.5       24.6       24.3       25.8          26.9       27.4         23.2       23.0       28.5     30.0    
399    31  131072  0      952     8.23      NA         NA          5.23          4.57       4.98        NA         NA         NA       NA      
400    31  131072  0      984    NA          8.78      NA         NA            NA         NA           NA         NA         NA       NA      
401    31  131072  0      998    NA         NA         11.4       NA            NA         NA           NA         NA         NA       NA      
402    31  131072  0     1019    NA         NA         NA         NA            NA         NA           12.6       13.2       13.6     15.0    
403    31  131072  0.05  2650    13.4       NA         NA          3.38          3.69       3.72         7.82       5.22       8.55     1.73   
404    31  131072  0.05  2643    NA          3.40      NA         NA            NA         NA           NA         NA         NA       NA      
405    31  131072  0.05  2653    NA         NA          5.93      NA            NA         NA           NA         NA         NA       NA      
406    31  131072  0.1   2608    15.9       NA         NA          4.45          4.00      -1.41        NA         NA         NA       NA      
407    31  131072  0.1   2600    NA          4.82      NA         NA            NA         NA           NA         NA         NA       NA      
408    31  131072  0.1   2592    NA         NA          4.21      NA            NA         NA           NA         NA         NA       NA      
409    31  131072  0.1   2595    NA         NA         NA         NA            NA         NA          -10.3        1.44       0.668   -7.85   
410    31  131072  0.15  2493    12.3       NA         NA          5.49          7.63      -0.434       NA         NA         NA       NA      
411    31  131072  0.15  2494    NA          4.35      NA         NA            NA         NA           NA         NA         NA       NA      
412    31  131072  0.15  2481    NA         NA          6.07      NA            NA         NA           NA         NA         NA       NA      
413    31  131072  0.15  2470    NA         NA         NA         NA            NA         NA            0.00991   20.3        1.18    -1.31   
414    31  131072  0.2   2517    15.1       NA         NA          8.78          4.02       8.35        NA         NA         NA       NA      
415    31  131072  0.2   2502    NA          4.45      NA         NA            NA         NA           NA         NA         NA       NA      
416    31  131072  0.2   2497    NA         NA          4.51      NA            NA         NA           NA         NA         NA       NA      
417    31  131072  0.2   2493    NA         NA         NA         NA            NA         NA            9.62      -2.76      -8.38    -7.51   
418    31  131072  0.25  2742    19.4       NA         NA          3.72          7.82      13.1         NA         NA         NA       NA      
419    31  131072  0.25  2740    NA          4.97      NA         NA            NA         NA           NA         NA         NA       NA      
420    31  131072  0.25  2741    NA         NA          1.10      NA            NA         NA           NA         NA         NA       NA      
421    31  131072  0.25  2735    NA         NA         NA         NA            NA         NA            9.20       5.00     -24.3     -1.10   
422    31  131072  0.3   2445    19.5        7.15      NA          3.88         11.8       14.0          6.88       6.22      -9.92    -0.784  
423    31  131072  0.3   2444    NA         NA          2.30      NA            NA         NA           NA         NA         NA       NA      
424    31  131072  0.35  2839    21.8        8.02      -5.79       6.10         16.2       22.0         -6.49      17.7       20.5      2.89   
425    31  131072  0.4   2351    21.4       13.7       NA          8.71         16.4       22.9         -1.85      24.0       17.1      7.43   
426    31  131072  0.4   2352    NA         NA          0.290     NA            NA         NA           NA         NA         NA       NA      
427    31  131072  0.45  2699    19.2        9.03      -4.72      14.9          15.2       17.9          3.83      41.1       21.0     16.9    
428    31  131072  0.5   2664    21.2       16.6        5.44      29.8          18.6       22.2         NA         NA         NA       NA      
429    31  131072  0.5   2665    NA         NA         NA         NA            NA         NA           16.2       29.7       13.8      8.92   
430    31  131072  0.55  2442    15.8       10.6        4.14      17.9          15.3       11.7          4.70      14.5       20.7     14.2    
431    31  131072  0.6   2811    28.0       23.9       17.9       17.1          23.2       26.5         16.1       20.4       24.4     29.4    
432    31  131072  0.65  2691    35.3       31.4       24.0       34.8          35.0       36.9         20.7       37.6       38.7     42.7    
433    31  131072  0.7   2592    35.6       36.4       32.6       33.6          36.9       34.1         30.3       41.6       23.9     37.4    
434    31  131072  0.75  2917    50.7       46.9       39.3       46.7          54.6       48.9         34.2       61.8       28.6     37.1    
435    31  131072  0.8   2501    53.4       50.9       47.5       50.9          52.7       54.5         44.5       52.3       49.5     49.6    
436    31  131072  0.85  2777    65.0       66.6       66.2       66.5          60.6       69.3         67.3       55.9       68.8     66.3    
437    31  131072  0.9   2119    28.6       NA         26.5       29.8          33.0       34.1         NA         NA         NA       NA      
438    31  131072  0.9   2118    NA         28.3       NA         NA            NA         NA           30.9       24.2       39.9     32.4    
439    31  131072  0.95  1770    23.7       24.4       24.6       25.1          26.8       26.3         24.3       25.2       27.7     26.3    
440    31  262144  0      952     8.37       4.46      NA          4.74          4.64       5.05        NA         NA         NA       NA      
441    31  262144  0      984    NA         NA          8.76      NA            NA         NA           NA         NA         NA       NA      
442    31  262144  0      998    NA         NA         NA         NA            NA         NA           11.4       11.6       11.7     12.3    
443    31  262144  0.05  2645    12.4       NA         NA          2.56          1.64       2.58        NA         NA         NA       NA      
444    31  262144  0.05  2650    NA          3.61      NA         NA            NA         NA           NA         NA         NA       NA      
445    31  262144  0.05  2643    NA         NA          3.37      NA            NA         NA           NA         NA         NA       NA      
446    31  262144  0.05  2653    NA         NA         NA         NA            NA         NA            5.93       7.55       7.86     1.75   
447    31  262144  0.1   2610    16.9       NA         NA          4.61          6.50       0.871       NA         NA         NA       NA      
448    31  262144  0.1   2608    NA          6.77      NA         NA            NA         NA           NA         NA         NA       NA      
449    31  262144  0.1   2600    NA         NA          4.78      NA            NA         NA           NA         NA         NA       NA      
450    31  262144  0.1   2592    NA         NA         NA         NA            NA         NA            4.21       0.959      3.00    -4.78   
451    31  262144  0.15  2493    14.7        4.27      NA          4.79          6.24       2.81        NA         NA         NA       NA      
452    31  262144  0.15  2494    NA         NA          4.23      NA            NA         NA           NA         NA         NA       NA      
453    31  262144  0.15  2481    NA         NA         NA         NA            NA         NA            6.07      16.3        6.21    -1.29   
454    31  262144  0.2   2519    13.6       NA         NA         12.7           5.05       8.47        NA         NA         NA       NA      
455    31  262144  0.2   2517    NA          7.30      NA         NA            NA         NA           NA         NA         NA       NA      
456    31  262144  0.2   2502    NA         NA          4.33      NA            NA         NA           NA         NA         NA       NA      
457    31  262144  0.2   2497    NA         NA         NA         NA            NA         NA            4.51       5.15      -2.87    -0.696  
458    31  262144  0.25  2743    15.6       NA         NA         12.8          10.7       12.5         NA         NA         NA       NA      
459    31  262144  0.25  2742    NA         11.6       NA         NA            NA         NA           NA         NA         NA       NA      
460    31  262144  0.25  2740    NA         NA          4.82      NA            NA         NA           NA         NA         NA       NA      
461    31  262144  0.25  2741    NA         NA         NA         NA            NA         NA            1.10      14.0       -9.07     5.93   
462    31  262144  0.3   2445    19.1       13.1        7.12      12.6          14.9       12.4         NA         NA         NA       NA      
463    31  262144  0.3   2444    NA         NA         NA         NA            NA         NA            2.30      12.9       -7.15     7.62   
464    31  262144  0.35  2839    25.7       14.4        7.99      13.2          21.3       16.7         -5.79      21.0        1.37    13.6    
465    31  262144  0.4   2351    24.4       16.0       13.6       14.8          19.8       17.8         NA         NA         NA       NA      
466    31  262144  0.4   2352    NA         NA         NA         NA            NA         NA            0.290     22.0       -1.15    19.1    
467    31  262144  0.45  2699    24.4       13.6        8.89      19.1          18.9       19.2         -4.72      26.5        7.08     9.68   
468    31  262144  0.5   2664    22.2       16.0       16.5       22.8          21.3       20.3          5.44      22.2        7.21    13.8    
469    31  262144  0.55  2442    16.3       11.7       10.3       14.7          18.2       13.9          4.14      11.2       15.7     13.7    
470    31  262144  0.6   2811    25.7       23.7       23.8       18.2          24.3       23.8         17.9       20.4       21.3     27.5    
471    31  262144  0.65  2691    34.6       31.9       31.4       34.5          34.9       35.4         24.0       31.5       30.5     37.5    
472    31  262144  0.7   2592    35.1       32.8       36.4       35.5          36.0       34.4         32.6       36.9       22.9     39.1    
473    31  262144  0.75  2917    51.0       47.9       46.9       49.4          51.4       45.6         39.3       55.7       29.8     45.4    
474    31  262144  0.8   2501    53.6       51.8       50.9       52.6          53.4       54.5         47.5       54.9       49.6     50.0    
475    31  262144  0.85  2777    65.7       63.0       66.6       67.3          64.0       69.3         66.2       64.4       70.3     61.0    
476    31  262144  0.9   2119    29.9       28.2       NA         31.0          32.9       34.3         26.5       31.2       36.3     33.6    
477    31  262144  0.9   2118    NA         NA         28.3       NA            NA         NA           NA         NA         NA       NA      
478    31  262144  0.95  1770    24.3       23.6       24.4       25.4          26.2       26.4         24.6       27.2       27.6     26.1    
479    31  524288  0      942     6.74      NA         NA          2.40          3.17       3.30        NA         NA         NA       NA      
480    31  524288  0      952    NA          4.72       4.45      NA            NA         NA           NA         NA         NA       NA      
481    31  524288  0      984    NA         NA         NA         NA            NA         NA            8.76       9.15       9.55     9.41   
482    31  524288  0.05  2641    11.8       NA         NA          1.54          1.94       2.02        NA         NA         NA       NA      
483    31  524288  0.05  2645    NA          2.76      NA         NA            NA         NA           NA         NA         NA       NA      
484    31  524288  0.05  2650    NA         NA          3.58      NA            NA         NA           NA         NA         NA       NA      
485    31  524288  0.05  2643    NA         NA         NA         NA            NA         NA            3.37       5.67       2.14     3.14   
486    31  524288  0.1   2617    18.4       NA         NA          5.67          5.79       2.66        NA         NA         NA       NA      
487    31  524288  0.1   2610    NA          7.66      NA         NA            NA         NA           NA         NA         NA       NA      
488    31  524288  0.1   2608    NA         NA          6.74      NA            NA         NA           NA         NA         NA       NA      
489    31  524288  0.1   2600    NA         NA         NA         NA            NA         NA            4.78       3.02       1.07    -3.61   
490    31  524288  0.15  2499    14.1       NA         NA          5.69          4.67       3.71        NA         NA         NA       NA      
491    31  524288  0.15  2493    NA          6.41       4.20      NA            NA         NA           NA         NA         NA       NA      
492    31  524288  0.15  2494    NA         NA         NA         NA            NA         NA            4.23       9.45       4.62    -0.0625 
493    31  524288  0.2   2519    14.6        5.93      NA          7.39          6.88       7.42        NA         NA         NA       NA      
494    31  524288  0.2   2517    NA         NA          7.23      NA            NA         NA           NA         NA         NA       NA      
495    31  524288  0.2   2502    NA         NA         NA         NA            NA         NA            4.33       7.31      -3.82     4.74   
496    31  524288  0.25  2743    17.1        8.06      NA          8.30         11.6        9.10        NA         NA         NA       NA      
497    31  524288  0.25  2742    NA         NA         11.6       NA            NA         NA           NA         NA         NA       NA      
498    31  524288  0.25  2740    NA         NA         NA         NA            NA         NA            4.82      13.2       -0.972   10.4    
499    31  524288  0.3   2446    19.5       NA         NA          7.12         15.0       10.8         NA         NA         NA       NA      
500    31  524288  0.3   2445    NA         12.6       13.0       NA            NA         NA            7.12      14.8        8.31    11.3    
501    31  524288  0.35  2839    25.6       18.3       14.4       16.2          21.2       16.3          7.99      13.5       11.4     21.6    
502    31  524288  0.4   2351    24.9       18.9       15.9       16.8          20.2       18.1         13.6       17.8       11.8     21.6    
503    31  524288  0.45  2699    25.2       18.6       13.5       18.0          19.8       21.7          8.44      17.8        8.99    18.7    
504    31  524288  0.5   2664    25.9       17.2       16.0       21.4          21.9       22.2         16.5       19.7       10.2     27.0    
505    31  524288  0.55  2442    18.9       12.3       11.6       12.3          17.2       15.3         10.3       11.8        9.84    17.0    
506    31  524288  0.6   2811    24.5       21.7       23.6       22.0          24.5       25.2         23.8       17.0       19.4     26.5    
507    31  524288  0.65  2691    35.1       31.2       31.9       35.2          35.0       36.5         31.4       31.5       28.9     36.2    
508    31  524288  0.7   2592    35.5       32.4       32.8       35.2          36.2       34.5         36.4       35.3       24.1     36.3    
509    31  524288  0.75  2917    49.1       48.5       47.9       50.8          49.1       46.1         46.9       52.5       36.6     47.0    
510    31  524288  0.8   2501    53.6       52.0       51.8       53.7          54.3       53.8         50.9       53.6       50.0     51.8    
511    31  524288  0.85  2777    66.2       64.6       63.0       67.8          66.3       68.6         66.6       63.5       68.4     66.8    
512    31  524288  0.9   2119    29.8       29.5       28.2       31.4          33.0       32.9         NA         NA         NA       NA      
513    31  524288  0.9   2118    NA         NA         NA         NA            NA         NA           28.3       31.7       32.5     36.1    
514    31  524288  0.95  1770    24.0       24.2       23.6       25.7          26.3       26.2         24.4       26.9       25.8     27.5    
515    71   16384  0    38747 12372.        NA         NA       1350.         1310.      1272.          NA         NA         NA       NA      
516    71   16384  0    38746    NA      12234.        NA         NA            NA         NA           NA         NA         NA       NA      
517    71   16384  0    38748    NA         NA      12250.        NA            NA         NA           NA         NA         NA       NA      
518    71   16384  0.05  7598  4871.      4871.      4858.        10.1           0.987      2.95        NA         NA         NA       NA      
519    71   16384  0.1   1973  1417.      1413.      1418.        -0.590         2.09      -0.877       NA         NA         NA       NA      
520    71   16384  0.15  1132   802.        NA        802.        10.8           0.485      1.18        NA         NA         NA       NA      
521    71   16384  0.15  1133    NA        805.        NA         NA            NA         NA           NA         NA         NA       NA      
522    71   16384  0.2    112    83.7       83.6       NA          0.540         0.512      0.233       NA         NA         NA       NA      
523    71   16384  0.2    111    NA         NA         83.0       NA            NA         NA           NA         NA         NA       NA      
524    71   16384  0.25     1     0.715      0.715      0.714      0.0665        0.0123     0.00916     NA         NA         NA       NA      
525    71   16384  0.3      2     1.38       1.38       1.38       0.0269        0.0192     0.000856    NA         NA         NA       NA      
526    71   16384  0.95    15     0.146      0.146      0.146      0.146         0.145      0.146       NA         NA         NA       NA      
527    71   32768  0    38747 12356.     12275.        NA       1393.         1317.      1290.          NA         NA         NA       NA      
528    71   32768  0    38746    NA         NA      12234.        NA            NA         NA           NA         NA         NA       NA      
529    71   32768  0    38748    NA         NA         NA         NA            NA         NA        12250.      1329.      -135.    1264.     
530    71   32768  0.05  7598  4868.      4861.      4871.        13.3           2.51       2.26      4858.        -3.86    -566.       2.41   
531    71   32768  0.1   1973  1416.      1415.      1413.         2.68          2.85      -0.0474    1418.         1.58    -228.       5.28   
532    71   32768  0.15  1132   803.       801.        NA          6.95          1.58      -0.688      802.        -6.25    -208.       1.03   
533    71   32768  0.15  1133    NA         NA        805.        NA            NA         NA           NA         NA         NA       NA      
534    71   32768  0.2    112    83.9       83.6       83.6        0.672         0.477      0.267       NA         NA         NA       NA      
535    71   32768  0.2    111    NA         NA         NA         NA            NA         NA           83.0        0.0647   -23.2      0.592  
536    71   32768  0.25     1     0.715      0.715      0.715      0.0422        0.0173     0.0174       0.714      0.0480    -0.284    0.0265 
537    71   32768  0.3      2     1.38       1.38       1.38      -0.00659       0.0149     0.00735      1.38       0.0492    -0.625    0.0628 
538    71   32768  0.95    15     0.146      0.146      0.146      0.145         0.146      0.146        0.146      0.146    -14.9      0.146  
539    71   65536  0    38747 12310.     12258.     12275.      1366.         1307.      1299.          NA         NA         NA       NA      
540    71   65536  0    38746    NA         NA         NA         NA            NA         NA        12234.      1325.      -135.    1271.     
541    71   65536  0.05  7598  4853.      4859.      4862.        10.6           2.23       3.85      4871.         4.86    -566.       2.51   
542    71   65536  0.1   1973  1413.      1414.      1415.         5.52          2.57      -0.344     1413.         5.01    -228.       0.510  
543    71   65536  0.15  1133   803.        NA         NA          6.18          2.35      -0.277      805.        -4.38    -208.       1.97   
544    71   65536  0.15  1132    NA        803.       801.        NA            NA         NA           NA         NA         NA       NA      
545    71   65536  0.2    111    83.2       NA         NA          0.392         0.437      0.185       NA         NA         NA       NA      
546    71   65536  0.2    112    NA         82.9       83.6       NA            NA         NA           83.6        0.0960   -23.4      0.167  
547    71   65536  0.25     1     0.715      0.715      0.715      0.0212        0.0165     0.0211       0.715      0.0216    -0.284    0.0187 
548    71   65536  0.3      2     1.38       1.38       1.38       0.00000564    0.00806    0.00485      1.38       0.0248    -0.625    0.0208 
549    71   65536  0.95    15     0.146      0.146      0.146      0.145         0.146      0.146        0.146      0.145    -14.9      0.146  
550    71  131072  0    38746 12345.        NA         NA       1308.         1303.      1296.          NA         NA         NA       NA      
551    71  131072  0    38747    NA      12207.     12258.        NA            NA         NA        12275.      1304.      -136.    1266.     
552    71  131072  0.05  7599  4848.        NA         NA          7.17          1.37       2.50        NA         NA         NA       NA      
553    71  131072  0.05  7598    NA       4844.      4860.        NA            NA         NA         4862.         0.210   -566.       2.70   
554    71  131072  0.1   1973  1413.      1411.      1414.         5.28          2.21      -0.383     1415.         1.30    -228.      -1.04   
555    71  131072  0.15  1132   802.        NA        803.         5.67          1.56       1.79       801.        -0.955   -208.       1.18   
556    71  131072  0.15  1133    NA        802.        NA         NA            NA         NA           NA         NA         NA       NA      
557    71  131072  0.2    112    83.8       NA         83.9        0.381         0.454      0.317       83.6        0.402    -23.4      0.144  
558    71  131072  0.2    111    NA         83.2       NA         NA            NA         NA           NA         NA         NA       NA      
559    71  131072  0.25     1     0.715      0.715      0.715      0.0173        0.0168     0.0190       0.715      0.0113    -0.284    0.0109 
560    71  131072  0.3      2     1.38       1.38       1.38       0.0169        0.0102     0.00540      1.38       0.0208    -0.625   -0.00112
561    71  131072  0.95    15     0.146      0.146      0.146      0.145         0.146      0.146        0.146      0.145    -14.9      0.146  
562    71  262144  0    38747 12349.        NA      12205.      1285.         1298.      1291.       12258.      1311.      -136.    1287.     
563    71  262144  0    38746    NA      12241.        NA         NA            NA         NA           NA         NA         NA       NA      
564    71  262144  0.05  7598  4845.        NA       4844.         2.36          0.679      1.17      4860.         1.80    -566.       1.63   
565    71  262144  0.05  7599    NA       4840.        NA         NA            NA         NA           NA         NA         NA       NA      
566    71  262144  0.1   1973  1412.      1411.      1411.         2.64          2.10      -0.140     1414.         2.15    -228.      -0.122  
567    71  262144  0.15  1133   802.        NA        802.         4.08          1.76       1.79        NA         NA         NA       NA      
568    71  262144  0.15  1132    NA        802.        NA         NA            NA         NA          803.         1.06    -208.      -0.192  
569    71  262144  0.2    111    83.1       NA         83.2        0.413         0.473      0.227       NA         NA         NA       NA      
570    71  262144  0.2    112    NA         83.8       NA         NA            NA         NA           83.9        0.420    -23.4      0.250  
571    71  262144  0.25     1     0.715      0.715      0.715      0.0238        0.0197     0.0176       0.715      0.0179    -0.284    0.0187 
572    71  262144  0.3      2     1.38       1.38       1.38       0.0211        0.0110     0.00541      1.38       0.0143    -0.625    0.00620
573    71  262144  0.95    15     0.146      0.146      0.146      0.146         0.146      0.146        0.146      0.146    -14.9      0.146  
574    71  524288  0    38746 12373.        NA      12241.      1284.         1293.      1292.          NA         NA         NA       NA      
575    71  524288  0    38747    NA      12247.        NA         NA            NA         NA        12207.      1307.      -136.    1297.     
576    71  524288  0.05  7598  4844.      4837.        NA          1.22         -0.416      0.612     4844.         1.59    -566.       3.92   
577    71  524288  0.05  7599    NA         NA       4840.        NA            NA         NA           NA         NA         NA       NA      
578    71  524288  0.1   1973  1412.      1410.      1411.         1.74          0.790      0.208     1411.         2.64    -228.      -0.335  
579    71  524288  0.15  1133   802.       801.        NA          3.71          0.516      1.42       802.         2.38    -208.      -0.125  
580    71  524288  0.15  1132    NA         NA        802.        NA            NA         NA           NA         NA         NA       NA      
581    71  524288  0.2    112    83.9       NA         83.8        0.510         0.332      0.180       NA         NA         NA       NA      
582    71  524288  0.2    111    NA         83.1       NA         NA            NA         NA           83.2        0.412    -23.2      0.158  
583    71  524288  0.25     1     0.715      0.715      0.715      0.0190        0.0194     0.0189       0.715      0.0172    -0.284    0.0204 
584    71  524288  0.3      2     1.38       1.38       1.38       0.0194        0.0109     0.00616      1.38       0.00828   -0.625    0.00376
585    71  524288  0.95    15     0.146      0.146      0.146      0.146         0.146      0.146        0.146      0.146    -14.9      0.146  
