# A tibble: 387 × 10
# Groups:   k, totbits, bin [288]
        k totbits   bin     n      Dash1       FSS1        SS1       FSS8  Mash        SS8
    <int>   <dbl> <dbl> <int>      <dbl>      <dbl>      <dbl>      <dbl> <dbl>      <dbl>
  1    21   16384  0     1585   34.1       21.6       20.6       NA       NA      NA      
  2    21   16384  0.05  1712   28.6       12.0       12.1       NA       NA      NA      
  3    21   16384  0.1   1974   28.2       13.5       11.2       NA       NA      NA      
  4    21   16384  0.15  2040   24.4       17.0       11.2       NA       NA      NA      
  5    21   16384  0.2   2169   29.8       13.8       20.7       NA       NA      NA      
  6    21   16384  0.25  2597   42.6       24.2       22.6       NA       NA      NA      
  7    21   16384  0.3   2474   33.3       24.0       13.4       NA       NA      NA      
  8    21   16384  0.35  2840   37.5       25.8       16.7       NA       NA      NA      
  9    21   16384  0.4   2872   32.2       30.2       18.2       NA       NA      NA      
 10    21   16384  0.45  2810   33.0       27.8       21.6       NA       NA      NA      
 11    21   16384  0.5   2460   42.8       26.6       27.5       NA       NA      NA      
 12    21   16384  0.55  3340   42.6       35.1       40.0       NA       NA      NA      
 13    21   16384  0.6   2630   35.2       30.2       29.6       NA       NA      NA      
 14    21   16384  0.65  2949   44.3       47.3       50.3       NA       NA      NA      
 15    21   16384  0.7   3275   58.0       62.9       53.1       NA       NA      NA      
 16    21   16384  0.75  2934   55.8       66.7       60.3       NA       NA      NA      
 17    21   16384  0.8   3701   81.9       94.4       86.2       NA       NA      NA      
 18    21   16384  0.85  2972   86.6       91.6       79.2       NA       NA      NA      
 19    21   16384  0.9   2196   50.2       50.5       51.3       NA       NA      NA      
 20    21   16384  0.95  1720   40.7       39.1       40.2       NA       NA      NA      
 21    21   32768  0     1564   27.0       16.7       14.8       NA       NA      NA      
 22    21   32768  0     1826   NA         NA         NA         63.3     60.0    60.2    
 23    21   32768  0.05  1717   22.2       12.5       10.6       NA       NA      NA      
 24    21   32768  0.05  1777   NA         NA         NA         40.0     42.4    41.9    
 25    21   32768  0.1   1982   23.8       13.9        9.16      NA       NA      NA      
 26    21   32768  0.1   1997   NA         NA         NA         33.1     32.0    32.8    
 27    21   32768  0.15  2044   28.9       12.6        9.62      NA       NA      NA      
 28    21   32768  0.15  2012   NA         NA         NA         27.0     31.2    28.3    
 29    21   32768  0.2   2173   26.1       13.6       15.2       NA       NA      NA      
 30    21   32768  0.2   2059   NA         NA         NA         23.4     37.1    21.5    
 31    21   32768  0.25  2603   33.5       21.0       19.7       NA       NA      NA      
 32    21   32768  0.25  2495   NA         NA         NA         43.9     33.0    41.4    
 33    21   32768  0.3   2472   20.1       21.9       11.6       NA       NA      NA      
 34    21   32768  0.3   2410   NA         NA         NA         45.7     23.4    31.6    
 35    21   32768  0.35  2838   31.4       31.6       24.0       NA       NA      NA      
 36    21   32768  0.35  2817   NA         NA         NA         53.9     33.3    33.8    
 37    21   32768  0.4   2872   34.5       35.4       16.6       NA       NA      NA      
 38    21   32768  0.4   2870   NA         NA         NA         37.9     35.0    37.2    
 39    21   32768  0.45  2809   27.3       41.5       19.5       NA       NA      NA      
 40    21   32768  0.45  2810   NA         NA         NA         43.3     43.1    35.8    
 41    21   32768  0.5   2460   32.5       37.9       17.6       31.6     36.6    39.7    
 42    21   32768  0.55  3340   44.1       44.9       36.6       NA       NA      NA      
 43    21   32768  0.55  3341   NA         NA         NA         49.6     68.3    45.2    
 44    21   32768  0.6   2630   35.3       34.6       26.6       39.0     42.6    39.2    
 45    21   32768  0.65  2949   40.6       49.3       45.7       46.3     76.8    53.7    
 46    21   32768  0.7   3274   53.2       62.7       56.1       68.0     77.3    65.6    
 47    21   32768  0.75  2934   53.5       62.7       61.5       72.1     71.0    64.5    
 48    21   32768  0.8   3701   83.3       90.9       88.1      100.      83.3    92.9    
 49    21   32768  0.85  2972   87.0       87.4       80.3       88.0     70.1    87.7    
 50    21   32768  0.9   2196   40.5       47.1       44.6       50.0     51.9    43.6    
 51    21   32768  0.95  1720   35.3       37.5       37.3       41.7     40.9    34.4    
 52    21   65536  0     1547   18.2       11.5       10.9       NA       NA      NA      
 53    21   65536  0     1616   NA         NA         NA         26.0     25.7    24.5    
 54    21   65536  0.05  1714   14.8        9.82       7.65      NA       NA      NA      
 55    21   65536  0.05  1709   NA         NA         NA         16.7     18.0    16.6    
 56    21   65536  0.1   1981   16.8       10.9        7.00      NA       NA      NA      
 57    21   65536  0.1   1986   NA         NA         NA         18.6     19.3    18.6    
 58    21   65536  0.15  2048   21.6       13.0       11.3       NA       NA      NA      
 59    21   65536  0.15  2042   NA         NA         NA         21.2     20.4    16.7    
 60    21   65536  0.2   2174   15.9       10.7       12.1       NA       NA      NA      
 61    21   65536  0.2   2150   NA         NA         NA         20.5     34.0    26.7    
 62    21   65536  0.25  2609   23.2       17.0       17.4       NA       NA      NA      
 63    21   65536  0.25  2581   NA         NA         NA         37.9     34.9    34.4    
 64    21   65536  0.3   2478   19.5       18.0       10.3       NA       NA      NA      
 65    21   65536  0.3   2469   NA         NA         NA         29.0     35.5    20.2    
 66    21   65536  0.35  2842   28.4       22.3       17.6       NA       NA      NA      
 67    21   65536  0.35  2839   NA         NA         NA         36.8     49.1    23.5    
 68    21   65536  0.4   2872   28.9       25.9       23.8       28.3     44.9    31.7    
 69    21   65536  0.45  2809   30.6       31.5       31.2       33.8     51.5    32.1    
 70    21   65536  0.5   2460   33.6       36.1       22.3       32.3     45.6    32.5    
 71    21   65536  0.55  3340   35.0       43.5       36.4       43.6     61.2    53.4    
 72    21   65536  0.6   2630   32.6       33.7       31.6       42.5     34.0    46.4    
 73    21   65536  0.65  2949   41.6       40.2       43.8       46.8     65.7    63.3    
 74    21   65536  0.7   3274   57.5       58.0       54.3       64.4     69.6    58.8    
 75    21   65536  0.75  2934   58.8       63.8       59.4       72.0     56.5    65.5    
 76    21   65536  0.8   3701   83.5       88.7       83.4       NA       NA      NA      
 77    21   65536  0.8   3702   NA         NA         NA        102.      86.9    96.7    
 78    21   65536  0.85  2972   89.5       81.5       79.3       87.0     84.8    86.0    
 79    21   65536  0.9   2196   46.5       45.1       47.0       47.3     51.5    52.4    
 80    21   65536  0.95  1720   37.8       37.9       37.6       38.2     39.9    40.3    
 81    21  131072  0     1538   14.4       10.3        9.94      NA       NA      NA      
 82    21  131072  0     1585   NA         NA         NA         20.8     20.5    19.8    
 83    21  131072  0.05  1702    8.41       5.09       3.96      NA       NA      NA      
 84    21  131072  0.05  1712   NA         NA         NA         11.4     12.9    11.4    
 85    21  131072  0.1   1982   11.7        6.49       6.33      NA       NA      NA      
 86    21  131072  0.1   1974   NA         NA         NA         12.8     13.1    10.4    
 87    21  131072  0.15  2050   15.8        9.51       8.65      NA       NA      NA      
 88    21  131072  0.15  2040   NA         NA         NA         17.6     19.6    11.0    
 89    21  131072  0.2   2180   10.4        8.16       9.64      NA       NA      NA      
 90    21  131072  0.2   2169   NA         NA         NA         13.1     20.1    20.1    
 91    21  131072  0.25  2624   14.9       14.4       15.1       NA       NA      NA      
 92    21  131072  0.25  2597   NA         NA         NA         24.8     32.2    23.3    
 93    21  131072  0.3   2474   15.3        9.94      14.3       22.9     58.1    12.1    
 94    21  131072  0.35  2843   18.9       14.8       22.2       NA       NA      NA      
 95    21  131072  0.35  2840   NA         NA         NA         26.0     77.2    16.8    
 96    21  131072  0.4   2872   18.9       23.5       28.1       30.4     79.8    18.7    
 97    21  131072  0.45  2809   25.7       29.3       35.6       NA       NA      NA      
 98    21  131072  0.45  2810   NA         NA         NA         28.2     87.3    20.0    
 99    21  131072  0.5   2460   29.4       27.5       28.0       28.0     63.8    26.7    
100    21  131072  0.55  3340   37.1       39.9       38.6       35.6     68.8    40.1    
101    21  131072  0.6   2630   35.1       29.4       33.1       31.7     51.6    29.2    
102    21  131072  0.65  2949   38.9       39.6       42.2       47.4     54.8    49.3    
103    21  131072  0.7   3274   55.1       58.9       53.5       NA       NA      NA      
104    21  131072  0.7   3275   NA         NA         NA         62.6     70.8    53.7    
105    21  131072  0.75  2934   59.9       64.7       58.0       66.6     66.8    61.4    
106    21  131072  0.8   3701   85.7       91.3       79.0       94.5     90.4    86.8    
107    21  131072  0.85  2972   86.4       85.8       81.7       91.9     90.1    79.2    
108    21  131072  0.9   2196   43.9       46.6       46.8       51.0     58.3    51.2    
109    21  131072  0.95  1720   36.4       37.9       37.7       39.2     42.2    40.4    
110    21  262144  0     1520    9.38       5.98       5.46      NA       NA      NA      
111    21  262144  0     1564   NA         NA         NA         15.5     15.5    14.2    
112    21  262144  0.05  1710    8.23       5.64       4.99      NA       NA      NA      
113    21  262144  0.05  1717   NA         NA         NA         12.3     11.1    10.4    
114    21  262144  0.1   1977    9.75       4.69       4.89      NA       NA      NA      
115    21  262144  0.1   1982   NA         NA         NA         13.4     11.3     8.54   
116    21  262144  0.15  2052   12.3        8.71       7.31      NA       NA      NA      
117    21  262144  0.15  2044   NA         NA         NA         12.7     12.6     9.60   
118    21  262144  0.2   2184    7.66       7.95       9.72      NA       NA      NA      
119    21  262144  0.2   2173   NA         NA         NA         13.8     21.2    16.1    
120    21  262144  0.25  2628   15.5       15.4       12.8       NA       NA      NA      
121    21  262144  0.25  2603   NA         NA         NA         21.8     31.0    20.3    
122    21  262144  0.3   2477   16.7       10.7       12.6       NA       NA      NA      
123    21  262144  0.3   2472   NA         NA         NA         24.1     46.2    13.0    
124    21  262144  0.35  2843   25.4       17.1       19.6       NA       NA      NA      
125    21  262144  0.35  2838   NA         NA         NA         32.9     71.3    24.8    
126    21  262144  0.4   2872   27.2       26.2       22.2       35.9     63.4    17.6    
127    21  262144  0.45  2810   35.1       32.6       28.5       NA       NA      NA      
128    21  262144  0.45  2809   NA         NA         NA         42.0     70.1    20.9    
129    21  262144  0.5   2460   31.0       25.7       26.8       37.7     53.3    17.9    
130    21  262144  0.55  3340   42.9       41.5       37.5       44.8     48.8    36.4    
131    21  262144  0.6   2630   37.7       32.0       30.3       35.9     35.1    26.4    
132    21  262144  0.65  2949   42.6       43.7       38.1       48.3     43.1    45.7    
133    21  262144  0.7   3274   57.9       60.6       52.9       62.2     61.3    57.2    
134    21  262144  0.75  2934   59.9       64.8       59.9       63.0     64.9    61.3    
135    21  262144  0.8   3701   86.4       91.1       83.2       90.0     89.6    88.4    
136    21  262144  0.85  2972   87.6       86.6       83.3       86.6     87.4    80.9    
137    21  262144  0.9   2196   45.9       48.2       48.0       47.3     54.0    44.4    
138    21  262144  0.95  1720   36.6       38.3       37.6       37.7     40.6    37.3    
139    21  524288  0     1514    7.06       5.01       4.90      NA       NA      NA      
140    21  524288  0     1547   NA         NA         NA         11.2     11.4    10.5    
141    21  524288  0.05  1703    5.08       2.90       2.71      NA       NA      NA      
142    21  524288  0.05  1714   NA         NA         NA          8.92     7.28    7.21   
143    21  524288  0.1   1979    7.42       5.57       5.05      NA       NA      NA      
144    21  524288  0.1   1981   NA         NA         NA         10.4      8.83    6.71   
145    21  524288  0.15  2053   10.4        9.07       7.85      NA       NA      NA      
146    21  524288  0.15  2048   NA         NA         NA         13.1     12.6    10.8    
147    21  524288  0.2   2189    6.76       7.21       8.07      NA       NA      NA      
148    21  524288  0.2   2174   NA         NA         NA         10.5     11.1    12.1    
149    21  524288  0.25  2632   16.1       15.1       12.6       NA       NA      NA      
150    21  524288  0.25  2609   NA         NA         NA         17.0     23.4    17.5    
151    21  524288  0.3   2481   13.3       12.4       12.9       NA       NA      NA      
152    21  524288  0.3   2478   NA         NA         NA         18.2     24.9    11.5    
153    21  524288  0.35  2842   21.0       19.9       22.2       23.0     47.4    19.6    
154    21  524288  0.4   2872   25.6       29.1       25.1       27.2     52.5    26.6    
155    21  524288  0.45  2809   31.6       32.1       29.6       33.3     58.4    34.7    
156    21  524288  0.5   2460   29.2       25.4       28.8       37.0     46.8    24.1    
157    21  524288  0.55  3340   41.5       38.8       39.2       44.5     48.9    37.2    
158    21  524288  0.6   2630   35.6       31.2       31.7       34.9     32.1    31.3    
159    21  524288  0.65  2949   41.5       43.0       40.7       40.1     40.2    43.7    
160    21  524288  0.7   3274   59.7       58.5       54.0       58.8     53.5    54.9    
161    21  524288  0.75  2934   63.5       63.8       59.6       64.4     61.4    59.8    
162    21  524288  0.8   3701   88.7       89.1       84.8       89.2     88.7    83.8    
163    21  524288  0.85  2971   88.7       86.0       85.1       NA       NA      NA      
164    21  524288  0.85  2972   NA         NA         NA         81.8     87.8    79.3    
165    21  524288  0.9   2197   48.1       50.0       48.4       NA       NA      NA      
166    21  524288  0.9   2196   NA         NA         NA         45.4     49.4    47.1    
167    21  524288  0.95  1720   37.6       38.7       37.7       38.1     38.9    37.6    
168    31   16384  0     2684   43.9       21.8       21.5       NA       NA      NA      
169    31   16384  0.05  2655   35.6       14.0       14.3       NA       NA      NA      
170    31   16384  0.1   2595   30.7       12.5       15.9       NA       NA      NA      
171    31   16384  0.15  2470   38.0       23.9       17.0       NA       NA      NA      
172    31   16384  0.2   2493   37.8       21.8       16.6       NA       NA      NA      
173    31   16384  0.25  2735   31.4       17.4       13.9       NA       NA      NA      
174    31   16384  0.3   2445   32.5       21.8       17.2       NA       NA      NA      
175    31   16384  0.35  2839   30.3       26.3       16.4       NA       NA      NA      
176    31   16384  0.4   2351   31.9       38.5       16.5       NA       NA      NA      
177    31   16384  0.45  2699   31.6       46.1       26.0       NA       NA      NA      
178    31   16384  0.5   2665   47.2       33.2       24.0       NA       NA      NA      
179    31   16384  0.55  2442   32.1       21.4       20.2       NA       NA      NA      
180    31   16384  0.6   2811   40.2       29.9       34.3       NA       NA      NA      
181    31   16384  0.65  2691   45.2       41.0       46.6       NA       NA      NA      
182    31   16384  0.7   2592   47.9       44.3       39.5       NA       NA      NA      
183    31   16384  0.75  2917   63.3       64.7       43.3       NA       NA      NA      
184    31   16384  0.8   2501   59.5       53.8       50.5       NA       NA      NA      
185    31   16384  0.85  2777   81.0       56.7       67.3       NA       NA      NA      
186    31   16384  0.9   2118   37.3       25.5       33.2       NA       NA      NA      
187    31   16384  0.95  1770   26.4       25.3       26.7       NA       NA      NA      
188    31   32768  0     2663   35.1       16.9       17.2       NA       NA      NA      
189    31   32768  0     2899   NA         NA         NA         53.6     56.5    58.0    
190    31   32768  0.05  2658   24.9       11.6       10.5       NA       NA      NA      
191    31   32768  0.05  2668   NA         NA         NA         35.8     36.2    30.8    
192    31   32768  0.1   2592   22.8        9.59      10.2       NA       NA      NA      
193    31   32768  0.1   2567   NA         NA         NA         27.8     40.8    33.7    
194    31   32768  0.15  2481   21.4       20.2       12.5       NA       NA      NA      
195    31   32768  0.15  2406   NA         NA         NA         25.4     43.6    29.0    
196    31   32768  0.2   2497   28.8       16.9       12.5       NA       NA      NA      
197    31   32768  0.2   2411   NA         NA         NA         40.8     24.9    33.4    
198    31   32768  0.25  2741   27.4       20.2       11.1       NA       NA      NA      
199    31   32768  0.25  2686   NA         NA         NA         47.5     34.2    33.3    
200    31   32768  0.3   2444   20.7       20.0       14.8       NA       NA      NA      
201    31   32768  0.3   2438   NA         NA         NA         48.4     32.1    30.1    
202    31   32768  0.35  2839   22.2       28.1       16.8       NA       NA      NA      
203    31   32768  0.35  2838   NA         NA         NA         44.3     65.6    52.1    
204    31   32768  0.4   2352   22.7       28.8       20.0       NA       NA      NA      
205    31   32768  0.4   2351   NA         NA         NA         56.5     43.8    43.4    
206    31   32768  0.45  2699   22.9       30.0       15.8       62.4     44.9    52.1    
207    31   32768  0.5   2664   32.7       24.6       18.1       NA       NA      NA      
208    31   32768  0.5   2666   NA         NA         NA         58.2     54.5    38.9    
209    31   32768  0.55  2442   22.3       15.7       15.7       50.7     44.3    37.4    
210    31   32768  0.6   2811   29.5       23.6       29.4       50.8     44.4    47.9    
211    31   32768  0.65  2691   45.4       32.9       43.5       NA       NA      NA      
212    31   32768  0.65  2692   NA         NA         NA         55.6     48.6    61.6    
213    31   32768  0.7   2592   41.9       37.9       40.0       54.4     51.0    56.2    
214    31   32768  0.75  2917   55.8       56.0       47.7       81.8     71.9    46.9    
215    31   32768  0.8   2501   55.8       54.9       50.4       59.4     62.4    46.2    
216    31   32768  0.85  2777   75.0       63.9       60.6       63.5     74.9    52.9    
217    31   32768  0.9   2119   33.5       31.1       33.0       20.3     30.1    34.8    
218    31   32768  0.95  1770   24.8       27.1       26.0       22.6     22.2    30.9    
219    31   65536  0     2649   26.8       13.3       13.1       NA       NA      NA      
220    31   65536  0     2718   NA         NA         NA         27.6     28.5    28.6    
221    31   65536  0.05  2648   17.6        8.81       7.68      NA       NA      NA      
222    31   65536  0.05  2656   NA         NA         NA         18.2     19.2    19.8    
223    31   65536  0.1   2600   22.7        7.30       7.93      NA       NA      NA      
224    31   65536  0.1   2584   NA         NA         NA         18.8     29.0    22.0    
225    31   65536  0.15  2494   18.9       12.3        9.55      NA       NA      NA      
226    31   65536  0.15  2459   NA         NA         NA         21.7     23.0    20.8    
227    31   65536  0.2   2502   21.3       10.9       10.6       NA       NA      NA      
228    31   65536  0.2   2487   NA         NA         NA         34.0     25.4    25.9    
229    31   65536  0.25  2740   16.3       16.1       13.0       NA       NA      NA      
230    31   65536  0.25  2726   NA         NA         NA         30.5     19.0    21.8    
231    31   65536  0.3   2445   18.7       20.9       12.3       36.2     19.9    25.6    
232    31   65536  0.35  2839   14.8       21.4       20.9       NA       NA      NA      
233    31   65536  0.35  2840   NA         NA         NA         30.3     42.4    24.2    
234    31   65536  0.4   2351   19.0       20.0       21.4       42.2     27.4    22.5    
235    31   65536  0.45  2699   18.3       20.1       18.8       NA       NA      NA      
236    31   65536  0.45  2701   NA         NA         NA         50.8     31.5    33.8    
237    31   65536  0.5   2664   34.6       22.1       27.1       35.9     38.0    30.9    
238    31   65536  0.55  2442   24.1       15.6       17.5       24.3     27.6    26.1    
239    31   65536  0.6   2811   28.8       21.1       27.9       36.3     33.0    37.5    
240    31   65536  0.65  2691   40.2       32.1       36.9       43.6     42.7    48.6    
241    31   65536  0.7   2592   35.3       35.3       37.3       45.6     43.1    46.0    
242    31   65536  0.75  2917   53.6       52.7       50.7       63.1     71.2    43.6    
243    31   65536  0.8   2501   57.6       53.6       52.8       53.4     64.8    45.0    
244    31   65536  0.85  2777   72.7       64.1       67.4       53.9     78.4    55.3    
245    31   65536  0.9   2118   32.4       31.7       36.1       22.4     42.6    34.7    
246    31   65536  0.95  1770   25.8       26.9       27.4       23.7     28.5    30.0    
247    31  131072  0     2617   16.3        7.85       7.80      NA       NA      NA      
248    31  131072  0     2684   NA         NA         NA         20.3     21.4    20.2    
249    31  131072  0.05  2655   13.5        6.03       6.70      13.2     12.7    13.9    
250    31  131072  0.1   2608   11.8        6.14       5.81      NA       NA      NA      
251    31  131072  0.1   2595   NA         NA         NA         12.6     18.2    15.1    
252    31  131072  0.15  2493   11.2        8.59       8.42      NA       NA      NA      
253    31  131072  0.15  2470   NA         NA         NA         23.9     13.8    15.8    
254    31  131072  0.2   2517   13.1        7.21      10.9       NA       NA      NA      
255    31  131072  0.2   2493   NA         NA         NA         21.4     20.1    17.8    
256    31  131072  0.25  2742   14.3        9.74      13.4       NA       NA      NA      
257    31  131072  0.25  2735   NA         NA         NA         17.2     27.6    14.4    
258    31  131072  0.3   2445   18.6       14.3       14.1       23.0     20.1    17.7    
259    31  131072  0.35  2839   15.2       18.5       22.1       27.2     28.3    15.4    
260    31  131072  0.4   2351   15.3       17.1       23.1       38.0     22.5    16.6    
261    31  131072  0.45  2699   18.2       16.8       18.5       45.1     29.7    25.9    
262    31  131072  0.5   2664   31.5       19.9       23.1       NA       NA      NA      
263    31  131072  0.5   2665   NA         NA         NA         33.4     27.0    23.5    
264    31  131072  0.55  2442   19.5       16.0       13.1       20.7     23.7    21.1    
265    31  131072  0.6   2811   23.9       24.1       27.3       30.1     29.4    34.0    
266    31  131072  0.65  2691   35.3       35.2       37.0       41.1     42.1    46.2    
267    31  131072  0.7   2592   34.3       36.9       34.3       42.9     31.3    39.8    
268    31  131072  0.75  2917   47.4       54.7       49.5       62.6     43.2    43.0    
269    31  131072  0.8   2501   51.8       52.9       54.5       53.0     54.7    50.6    
270    31  131072  0.85  2777   66.5       60.6       69.3       56.5     69.8    66.8    
271    31  131072  0.9   2119   29.8       33.0       34.1       NA       NA      NA      
272    31  131072  0.9   2118   NA         NA         NA         25.3     40.2    32.5    
273    31  131072  0.95  1770   25.1       26.8       26.3       25.2     27.7    26.3    
274    31  262144  0     2617   12.5        7.17       7.23      NA       NA      NA      
275    31  262144  0     2663   NA         NA         NA         15.7     16.1    16.3    
276    31  262144  0.05  2650    8.71       3.95       4.56      NA       NA      NA      
277    31  262144  0.05  2658   NA         NA         NA         10.9     11.1     9.92   
278    31  262144  0.1   2610    9.44       6.85       4.01      NA       NA      NA      
279    31  262144  0.1   2592   NA         NA         NA          9.71     9.71   10.2    
280    31  262144  0.15  2493    9.24       6.93       5.59      NA       NA      NA      
281    31  262144  0.15  2481   NA         NA         NA         18.9     10.8    13.0    
282    31  262144  0.2   2519   14.0        7.11       9.62      NA       NA      NA      
283    31  262144  0.2   2497   NA         NA         NA         15.8     10.6    12.3    
284    31  262144  0.25  2743   15.7       11.1       12.7       NA       NA      NA      
285    31  262144  0.25  2741   NA         NA         NA         18.5     13.3    11.1    
286    31  262144  0.3   2445   17.1       15.4       12.5       NA       NA      NA      
287    31  262144  0.3   2444   NA         NA         NA         19.7     12.1    14.7    
288    31  262144  0.35  2839   15.0       21.8       16.7       25.2     12.4    17.1    
289    31  262144  0.4   2351   16.3       19.9       17.8       NA       NA      NA      
290    31  262144  0.4   2352   NA         NA         NA         25.6     12.7    21.0    
291    31  262144  0.45  2699   21.1       19.0       19.5       28.2     16.1    16.3    
292    31  262144  0.5   2664   25.1       21.5       20.6       24.4     21.5    19.6    
293    31  262144  0.55  2442   15.8       18.3       14.1       15.5     20.0    16.1    
294    31  262144  0.6   2811   23.2       24.4       24.2       23.7     24.8    29.2    
295    31  262144  0.65  2691   34.5       34.9       35.4       33.2     32.9    43.0    
296    31  262144  0.7   2592   35.5       36.1       34.5       37.7     27.3    39.6    
297    31  262144  0.75  2917   49.5       51.4       46.1       56.5     40.8    47.7    
298    31  262144  0.8   2501   52.8       53.4       54.5       55.0     52.9    50.4    
299    31  262144  0.85  2777   67.3       64.0       69.3       64.4     70.8    61.1    
300    31  262144  0.9   2119   31.0       32.9       34.3       31.3     36.4    33.6    
301    31  262144  0.95  1770   25.4       26.2       26.4       27.2     27.6    26.1    
302    31  524288  0     2607    9.03       4.94       4.73      NA       NA      NA      
303    31  524288  0     2649   NA         NA         NA         12.5     12.6    12.2    
304    31  524288  0.05  2646    6.46       3.82       3.29      NA       NA      NA      
305    31  524288  0.05  2648   NA         NA         NA          7.92     7.97    7.21   
306    31  524288  0.1   2617    8.16       6.11       4.30      NA       NA      NA      
307    31  524288  0.1   2600   NA         NA         NA          6.62     8.61    7.69   
308    31  524288  0.15  2499    8.40       5.08       4.98      NA       NA      NA      
309    31  524288  0.15  2494   NA         NA         NA         10.7      7.26    9.77   
310    31  524288  0.2   2519    9.77       7.46       7.81      NA       NA      NA      
311    31  524288  0.2   2502   NA         NA         NA         10.8      9.85    9.91   
312    31  524288  0.25  2743   11.9       11.8        9.37      NA       NA      NA      
313    31  524288  0.25  2740   NA         NA         NA         16.1      7.53   13.0    
314    31  524288  0.3   2446   11.2       15.4       11.4       NA       NA      NA      
315    31  524288  0.3   2445   NA         NA         NA         20.4     11.5    12.9    
316    31  524288  0.35  2839   16.9       21.2       16.4       19.5     13.4    21.8    
317    31  524288  0.4   2351   17.0       20.2       18.1       18.9     14.1    22.0    
318    31  524288  0.45  2699   18.6       19.8       21.8       19.0     13.6    20.0    
319    31  524288  0.5   2664   22.1       21.9       22.3       21.7     14.6    28.3    
320    31  524288  0.55  2442   13.2       17.3       15.3       14.7     13.1    17.9    
321    31  524288  0.6   2811   23.1       24.5       25.3       20.9     22.6    27.9    
322    31  524288  0.65  2691   35.2       35.0       36.5       32.2     30.2    36.8    
323    31  524288  0.7   2592   35.3       36.2       34.5       35.5     26.7    36.6    
324    31  524288  0.75  2917   50.8       49.1       46.1       53.1     38.7    49.7    
325    31  524288  0.8   2501   53.7       54.3       53.8       53.6     50.6    52.0    
326    31  524288  0.85  2777   67.8       66.3       68.6       63.5     68.5    66.8    
327    31  524288  0.9   2119   31.4       33.0       32.9       NA       NA      NA      
328    31  524288  0.9   2118   NA         NA         NA         31.7     32.5    36.1    
329    31  524288  0.95  1770   25.7       26.3       26.2       26.9     25.8    27.5    
330    71   16384  0    40417 1415.      1329.      1293.        NA       NA      NA      
331    71   16384  0.05  7598   92.0       36.2       36.0       NA       NA      NA      
332    71   16384  0.1   1973   25.6       11.8       10.2       NA       NA      NA      
333    71   16384  0.15  1132   17.5        6.70       6.47      NA       NA      NA      
334    71   16384  0.2    112    1.82       0.839      0.792     NA       NA      NA      
335    71   16384  0.25     1    0.0665     0.0123     0.00916   NA       NA      NA      
336    71   16384  0.3      2    0.0269     0.0192     0.0168    NA       NA      NA      
337    71   16384  0.95    15    0.146      0.145      0.146     NA       NA      NA      
338    71   32768  0    40417 1452.      1331.      1304.        NA       NA      NA      
339    71   32768  0    40418   NA         NA         NA       1355.      NA    1289.     
340    71   32768  0.05  7598   66.9       26.1       25.3       68.1     NA      69.5    
341    71   32768  0.1   1973   19.7        8.02       7.26      23.6     NA      20.5    
342    71   32768  0.15  1132   11.8        5.19       5.10      13.5     NA      14.7    
343    71   32768  0.2    112    1.28       0.686      0.664     NA       NA      NA      
344    71   32768  0.2    111   NA         NA         NA          1.19    NA       1.32   
345    71   32768  0.25     1    0.0422     0.0173     0.0174     0.0480  NA       0.0265 
346    71   32768  0.3      2    0.00659    0.0149     0.00735    0.0492  NA       0.0628 
347    71   32768  0.95    15    0.145      0.146      0.146      0.146   NA       0.146  
348    71   65536  0    40417 1410.      1316.      1309.        NA       NA      NA      
349    71   65536  0    40416   NA         NA         NA       1344.      NA    1290.     
350    71   65536  0.05  7598   48.5       18.3       19.0       48.2     NA      47.9    
351    71   65536  0.1   1973   12.9        5.97       5.80      18.2     NA      14.0    
352    71   65536  0.15  1133    8.97       3.84       3.55       9.30    NA       9.50   
353    71   65536  0.2    111    0.847      0.522      0.573     NA       NA      NA      
354    71   65536  0.2    112   NA         NA         NA          0.952   NA       0.871  
355    71   65536  0.25     1    0.0212     0.0165     0.0211     0.0216  NA       0.0187 
356    71   65536  0.3      2    0.00374    0.00806    0.00722    0.0248  NA       0.0208 
357    71   65536  0.95    15    0.145      0.146      0.146      0.145   NA       0.146  
358    71  131072  0    40416 1342.      1311.      1304.        NA       NA      NA      
359    71  131072  0    40417   NA         NA         NA       1318.      NA    1281.     
360    71  131072  0.05  7599   35.3       13.0       13.9       NA       NA      NA      
361    71  131072  0.05  7598   NA         NA         NA         34.1     NA      33.2    
362    71  131072  0.1   1973   10.7        4.47       4.45      11.0     NA       9.84   
363    71  131072  0.15  1132    7.11       2.63       2.92       6.46    NA       6.10   
364    71  131072  0.2    112    0.691      0.506      0.438      0.789   NA       0.737  
365    71  131072  0.25     1    0.0173     0.0168     0.0190     0.0113  NA       0.0109 
366    71  131072  0.3      2    0.0169     0.0102     0.00540    0.0208  NA       0.0181 
367    71  131072  0.95    15    0.145      0.146      0.146      0.145   NA       0.146  
368    71  262144  0    40417 1310.      1304.      1298.      1322.      NA    1297.     
369    71  262144  0.05  7598   24.0        9.33      10.0       24.1     NA      23.4    
370    71  262144  0.1   1973    6.65       3.45       3.10       7.45    NA       6.89   
371    71  262144  0.15  1133    5.23       2.32       2.48      NA       NA      NA      
372    71  262144  0.15  1132   NA         NA         NA          5.08    NA       4.62   
373    71  262144  0.2    111    0.569      0.499      0.378     NA       NA      NA      
374    71  262144  0.2    112   NA         NA         NA          0.654   NA       0.606  
375    71  262144  0.25     1    0.0238     0.0197     0.0176     0.0179  NA       0.0187 
376    71  262144  0.3      2    0.0211     0.0110     0.00541    0.0143  NA       0.00620
377    71  262144  0.95    15    0.146      0.146      0.146      0.146   NA       0.146  
378    71  524288  0    40416 1300.      1299.      1298.        NA       NA      NA      
379    71  524288  0    40417   NA         NA         NA       1314.      NA    1303.     
380    71  524288  0.05  7598   17.1        6.65       6.94      17.0     NA      17.7    
381    71  524288  0.1   1973    4.62       2.08       2.16       5.64    NA       5.57   
382    71  524288  0.15  1133    4.26       1.45       1.90       3.72    NA       3.27   
383    71  524288  0.2    112    0.538      0.384      0.325     NA       NA      NA      
384    71  524288  0.2    111   NA         NA         NA          0.491   NA       0.558  
385    71  524288  0.25     1    0.0190     0.0194     0.0189     0.0172  NA       0.0204 
386    71  524288  0.3      2    0.0194     0.0109     0.00616    0.00828 NA       0.00733
387    71  524288  0.95    15    0.146      0.146      0.146      0.146   NA       0.146  
