# A tibble: 585 × 14
# Groups:   k, totbits, bin [288]
        k totbits   bin     n       BD1       BD2       BD4      Dash1       FSS1        SS1       BD8       FSS8    Mash        SS8
    <int>   <dbl> <dbl> <int>     <dbl>     <dbl>     <dbl>      <dbl>      <dbl>      <dbl>     <dbl>      <dbl>   <dbl>      <dbl>
  1    21   16384  0      159    16.5      NA        NA       16.3       15.6       15.7        NA       NA        NA       NA      
  2    21   16384  0      188    NA        19.6      NA       NA         NA         NA          NA       NA        NA       NA      
  3    21   16384  0      394    NA        NA        54.5     NA         NA         NA          NA       NA        NA       NA      
  4    21   16384  0.05  1471    15.4      NA        NA       24.4       11.0       11.3        NA       NA        NA       NA      
  5    21   16384  0.05  1470    NA        19.4      NA       NA         NA         NA          NA       NA        NA       NA      
  6    21   16384  0.05  1542    NA        NA        39.4     NA         NA         NA          NA       NA        NA       NA      
  7    21   16384  0.1   1971    12.9      NA        NA       28.1       13.4       11.2        NA       NA        NA       NA      
  8    21   16384  0.1   1983    NA        18.2      NA       NA         NA         NA          NA       NA        NA       NA      
  9    21   16384  0.1   1994    NA        NA        31.2     NA         NA         NA          NA       NA        NA       NA      
 10    21   16384  0.15  2040    17.7      NA        NA       24.4       17.0       11.2        NA       NA        NA       NA      
 11    21   16384  0.15  2042    NA        18.9      NA       NA         NA         NA          NA       NA        NA       NA      
 12    21   16384  0.15  2012    NA        NA        33.1     NA         NA         NA          NA       NA        NA       NA      
 13    21   16384  0.2   2169    20.1      NA        NA       29.8       13.8       20.7        NA       NA        NA       NA      
 14    21   16384  0.2   2150    NA        18.2      NA       NA         NA         NA          NA       NA        NA       NA      
 15    21   16384  0.2   2059    NA        NA        34.5     NA         NA         NA          NA       NA        NA       NA      
 16    21   16384  0.25  2597    29.7      NA        NA       42.6       24.2       22.6        NA       NA        NA       NA      
 17    21   16384  0.25  2581    NA        29.0      NA       NA         NA         NA          NA       NA        NA       NA      
 18    21   16384  0.25  2495    NA        NA        41.8     NA         NA         NA          NA       NA        NA       NA      
 19    21   16384  0.3   2474    25.0      NA        NA       33.3       24.0       13.4        NA       NA        NA       NA      
 20    21   16384  0.3   2469    NA        20.0      NA       NA         NA         NA          NA       NA        NA       NA      
 21    21   16384  0.3   2410    NA        NA        36.0     NA         NA         NA          NA       NA        NA       NA      
 22    21   16384  0.35  2840    31.5      NA        NA       37.5       25.8       16.7        NA       NA        NA       NA      
 23    21   16384  0.35  2839    NA        40.0      NA       NA         NA         NA          NA       NA        NA       NA      
 24    21   16384  0.35  2817    NA        NA        39.5     NA         NA         NA          NA       NA        NA       NA      
 25    21   16384  0.4   2872    33.2      48.3      NA       32.2       30.2       18.2        NA       NA        NA       NA      
 26    21   16384  0.4   2870    NA        NA        66.3     NA         NA         NA          NA       NA        NA       NA      
 27    21   16384  0.45  2810    32.1      NA        94.2     33.0       27.8       21.6        NA       NA        NA       NA      
 28    21   16384  0.45  2809    NA        49.7      NA       NA         NA         NA          NA       NA        NA       NA      
 29    21   16384  0.5   2460    35.4      46.5     108.      42.8       26.6       27.5        NA       NA        NA       NA      
 30    21   16384  0.55  3340    53.3      75.3      NA       42.6       35.1       40.0        NA       NA        NA       NA      
 31    21   16384  0.55  3341    NA        NA       128.      NA         NA         NA          NA       NA        NA       NA      
 32    21   16384  0.6   2630    41.2      47.7      85.5     35.2       30.2       29.6        NA       NA        NA       NA      
 33    21   16384  0.65  2949    42.8      56.5      67.4     44.3       47.3       50.3        NA       NA        NA       NA      
 34    21   16384  0.7   3275    58.4      NA        NA       58.0       62.9       53.1        NA       NA        NA       NA      
 35    21   16384  0.7   3274    NA        69.4      81.4     NA         NA         NA          NA       NA        NA       NA      
 36    21   16384  0.75  2934    64.7      72.5      82.4     55.8       66.7       60.3        NA       NA        NA       NA      
 37    21   16384  0.8   3701    93.0      NA       111.      81.9       94.4       86.2        NA       NA        NA       NA      
 38    21   16384  0.8   3702    NA        98.2      NA       NA         NA         NA          NA       NA        NA       NA      
 39    21   16384  0.85  2972    84.9      89.0     101.      86.6       91.6       79.2        NA       NA        NA       NA      
 40    21   16384  0.9   2196    53.0      51.3      57.4     50.2       50.5       51.3        NA       NA        NA       NA      
 41    21   16384  0.95  1720    39.3      38.4      40.6     40.7       39.1       40.2        NA       NA        NA       NA      
 42    21   32768  0      141    12.6      NA        NA       12.9       12.2       12.2        NA       NA        NA       NA      
 43    21   32768  0      159    NA        16.1      NA       NA         NA         NA          NA       NA        NA       NA      
 44    21   32768  0      188    NA        NA        19.6     NA         NA         NA          NA       NA        NA       NA      
 45    21   32768  0      394    NA        NA        NA       NA         NA         NA          54.5     53.4      52.7     52.4    
 46    21   32768  0.05  1473    13.4      NA        NA       19.9       11.7       10.0        NA       NA        NA       NA      
 47    21   32768  0.05  1471    NA        13.0      NA       NA         NA         NA          NA       NA        NA       NA      
 48    21   32768  0.05  1470    NA        NA        19.4     NA         NA         NA          NA       NA        NA       NA      
 49    21   32768  0.05  1542    NA        NA        NA       NA         NA         NA          39.4     37.7      40.9     37.8    
 50    21   32768  0.1   1979    11.6      NA        NA       23.8       13.9        9.14       NA       NA        NA       NA      
 51    21   32768  0.1   1971    NA        10.9      NA       NA         NA         NA          NA       NA        NA       NA      
 52    21   32768  0.1   1983    NA        NA        18.2     NA         NA         NA          NA       NA        NA       NA      
 53    21   32768  0.1   1994    NA        NA        NA       NA         NA         NA          31.2     33.0      32.0     32.8    
 54    21   32768  0.15  2044    17.8      NA        NA       28.9       12.6        9.62       NA       NA        NA       NA      
 55    21   32768  0.15  2040    NA        17.4      NA       NA         NA         NA          NA       NA        NA       NA      
 56    21   32768  0.15  2042    NA        NA        18.8     NA         NA         NA          NA       NA        NA       NA      
 57    21   32768  0.15  2012    NA        NA        NA       NA         NA         NA          33.1     27.0      31.2     28.3    
 58    21   32768  0.2   2173    17.7      NA        NA       26.1       13.6       15.2        NA       NA        NA       NA      
 59    21   32768  0.2   2169    NA        15.6      NA       NA         NA         NA          NA       NA        NA       NA      
 60    21   32768  0.2   2150    NA        NA        18.2     NA         NA         NA          NA       NA        NA       NA      
 61    21   32768  0.2   2059    NA        NA        NA       NA         NA         NA          34.5     23.4      37.1     21.5    
 62    21   32768  0.25  2603    21.6      NA        NA       33.5       21.0       19.7        NA       NA        NA       NA      
 63    21   32768  0.25  2597    NA        26.2      NA       NA         NA         NA          NA       NA        NA       NA      
 64    21   32768  0.25  2581    NA        NA        29.0     NA         NA         NA          NA       NA        NA       NA      
 65    21   32768  0.25  2495    NA        NA        NA       NA         NA         NA          41.8     43.9      33.0     41.4    
 66    21   32768  0.3   2472    18.2      NA        NA       20.1       21.9       11.6        NA       NA        NA       NA      
 67    21   32768  0.3   2474    NA        19.4      NA       NA         NA         NA          NA       NA        NA       NA      
 68    21   32768  0.3   2469    NA        NA        20.0     NA         NA         NA          NA       NA        NA       NA      
 69    21   32768  0.3   2410    NA        NA        NA       NA         NA         NA          36.0     45.7      23.4     31.6    
 70    21   32768  0.35  2838    22.4      NA        NA       31.4       31.6       24.0        NA       NA        NA       NA      
 71    21   32768  0.35  2840    NA        27.2      NA       NA         NA         NA          NA       NA        NA       NA      
 72    21   32768  0.35  2839    NA        NA        39.9     NA         NA         NA          NA       NA        NA       NA      
 73    21   32768  0.35  2817    NA        NA        NA       NA         NA         NA          39.5     53.9      33.3     33.8    
 74    21   32768  0.4   2872    24.2      30.2      47.8     34.5       35.4       16.6        NA       NA        NA       NA      
 75    21   32768  0.4   2870    NA        NA        NA       NA         NA         NA          66.3     37.9      35.0     37.2    
 76    21   32768  0.45  2809    29.1      NA        49.2     27.3       41.5       19.5        NA       NA        NA       NA      
 77    21   32768  0.45  2810    NA        29.7      NA       NA         NA         NA          94.2     43.3      43.1     35.8    
 78    21   32768  0.5   2460    27.9      33.4      46.5     32.5       37.9       17.6       108.      31.6      36.6     39.7    
 79    21   32768  0.55  3340    38.9      49.6      75.3     44.1       44.9       36.6        NA       NA        NA       NA      
 80    21   32768  0.55  3341    NA        NA        NA       NA         NA         NA         128.      49.6      68.3     45.2    
 81    21   32768  0.6   2630    36.3      38.5      47.7     35.3       34.6       26.6        85.5     39.0      42.6     39.2    
 82    21   32768  0.65  2949    36.7      40.9      56.5     40.6       49.3       45.7        67.4     46.3      76.8     53.7    
 83    21   32768  0.7   3274    55.1      NA        69.4     53.2       62.7       56.1        81.4     68.0      77.3     65.6    
 84    21   32768  0.7   3275    NA        55.7      NA       NA         NA         NA          NA       NA        NA       NA      
 85    21   32768  0.75  2934    62.8      62.6      73.2     53.5       62.7       61.5        82.4     72.1      71.0     64.5    
 86    21   32768  0.8   3701    91.6      90.6      NA       83.3       90.9       88.1       111.     100.       83.3     92.9    
 87    21   32768  0.8   3702    NA        NA        98.2     NA         NA         NA          NA       NA        NA       NA      
 88    21   32768  0.85  2972    86.2      84.2      89.0     87.0       87.4       80.3       101.      88.0      70.1     87.7    
 89    21   32768  0.9   2196    50.7      52.5      51.3     40.5       47.1       44.6        57.4     50.0      51.9     43.6    
 90    21   32768  0.95  1720    38.4      39.2      38.4     35.3       37.5       37.3        40.6     41.7      40.9     34.4    
 91    21   65536  0      121     9.16     NA        NA        9.13       8.88       8.81       NA       NA        NA       NA      
 92    21   65536  0      141    NA        12.2      NA       NA         NA         NA          NA       NA        NA       NA      
 93    21   65536  0      159    NA        NA        16.1     NA         NA         NA          NA       NA        NA       NA      
 94    21   65536  0      188    NA        NA        NA       NA         NA         NA          19.6     19.4      19.3     19.6    
 95    21   65536  0.05  1473    10.8      10.2      NA       13.1        9.01       6.96       NA       NA        NA       NA      
 96    21   65536  0.05  1471    NA        NA        13.0     NA         NA         NA          NA       NA        NA       NA      
 97    21   65536  0.05  1470    NA        NA        NA       NA         NA         NA          19.4     15.2      17.1     15.4    
 98    21   65536  0.1   1978     9.89     NA        NA       16.7       10.9        6.98       NA       NA        NA       NA      
 99    21   65536  0.1   1979    NA         8.96     NA       NA         NA         NA          NA       NA        NA       NA      
100    21   65536  0.1   1971    NA        NA        10.9     NA         NA         NA          NA       NA        NA       NA      
101    21   65536  0.1   1983    NA        NA        NA       NA         NA         NA          18.2     18.6      19.3     18.5    
102    21   65536  0.15  2048    18.5      NA        NA       21.6       13.0       11.3        NA       NA        NA       NA      
103    21   65536  0.15  2044    NA        14.2      NA       NA         NA         NA          NA       NA        NA       NA      
104    21   65536  0.15  2040    NA        NA        17.5     NA         NA         NA          NA       NA        NA       NA      
105    21   65536  0.15  2042    NA        NA        NA       NA         NA         NA          18.8     21.2      20.4     16.7    
106    21   65536  0.2   2174    17.9      NA        NA       15.9       10.7       12.1        NA       NA        NA       NA      
107    21   65536  0.2   2173    NA        12.5      NA       NA         NA         NA          NA       NA        NA       NA      
108    21   65536  0.2   2169    NA        NA        15.6     NA         NA         NA          NA       NA        NA       NA      
109    21   65536  0.2   2150    NA        NA        NA       NA         NA         NA          18.2     20.5      34.0     26.7    
110    21   65536  0.25  2609    18.9      NA        NA       23.2       17.0       17.4        NA       NA        NA       NA      
111    21   65536  0.25  2603    NA        18.7      NA       NA         NA         NA          NA       NA        NA       NA      
112    21   65536  0.25  2597    NA        NA        26.2     NA         NA         NA          NA       NA        NA       NA      
113    21   65536  0.25  2581    NA        NA        NA       NA         NA         NA          29.0     37.9      34.9     34.4    
114    21   65536  0.3   2478    19.4      NA        NA       19.5       18.0       10.3        NA       NA        NA       NA      
115    21   65536  0.3   2472    NA        12.8      NA       NA         NA         NA          NA       NA        NA       NA      
116    21   65536  0.3   2474    NA        NA        19.4     NA         NA         NA          NA       NA        NA       NA      
117    21   65536  0.3   2469    NA        NA        NA       NA         NA         NA          20.0     29.0      35.5     20.2    
118    21   65536  0.35  2842    18.5      NA        NA       28.4       22.3       17.6        NA       NA        NA       NA      
119    21   65536  0.35  2838    NA        18.6      NA       NA         NA         NA          NA       NA        NA       NA      
120    21   65536  0.35  2840    NA        NA        27.1     NA         NA         NA          NA       NA        NA       NA      
121    21   65536  0.35  2839    NA        NA        NA       NA         NA         NA          39.9     36.8      49.1     23.5    
122    21   65536  0.4   2872    27.4      20.1      29.8     28.9       25.9       23.8        47.8     28.3      44.9     31.7    
123    21   65536  0.45  2809    31.8      25.9      NA       30.6       31.5       31.2        49.2     33.8      51.5     32.1    
124    21   65536  0.45  2810    NA        NA        29.4     NA         NA         NA          NA       NA        NA       NA      
125    21   65536  0.5   2460    30.1      25.1      32.9     33.6       36.1       22.3        46.5     32.3      45.6     32.5    
126    21   65536  0.55  3340    44.2      36.3      49.6     35.0       43.5       36.4        75.3     43.6      61.2     53.4    
127    21   65536  0.6   2630    35.6      33.6      38.5     32.6       33.7       31.6        47.7     42.5      34.0     46.4    
128    21   65536  0.65  2949    40.5      34.8      40.9     41.6       40.2       43.8        56.5     46.8      65.7     63.3    
129    21   65536  0.7   3274    58.3      52.1      NA       57.5       58.0       54.3        69.4     64.4      69.6     58.8    
130    21   65536  0.7   3275    NA        NA        55.7     NA         NA         NA          NA       NA        NA       NA      
131    21   65536  0.75  2934    61.8      60.2      62.6     58.8       63.8       59.4        72.5     72.0      56.5     65.5    
132    21   65536  0.8   3701    88.9      89.6      90.6     83.5       88.7       83.4        NA       NA        NA       NA      
133    21   65536  0.8   3702    NA        NA        NA       NA         NA         NA          98.2    102.       86.9     96.7    
134    21   65536  0.85  2972    89.2      85.5      84.1     89.5       81.5       79.3        89.0     87.0      84.8     86.0    
135    21   65536  0.9   2196    48.3      50.1      52.5     46.5       45.1       47.0        51.3     47.3      51.5     52.4    
136    21   65536  0.95  1720    37.4      38.4      39.2     37.8       37.9       37.6        38.4     38.2      39.9     40.3    
137    21  131072  0      115     8.76     NA        NA        8.64       8.41       8.40       NA       NA        NA       NA      
138    21  131072  0      121    NA         8.79     NA       NA         NA         NA          NA       NA        NA       NA      
139    21  131072  0      141    NA        NA        12.2     NA         NA         NA          NA       NA        NA       NA      
140    21  131072  0      159    NA        NA        NA       NA         NA         NA          16.1     15.7      15.7     15.7    
141    21  131072  0.05  1458     8.10     NA        NA        7.84       4.81       3.46       NA       NA        NA       NA      
142    21  131072  0.05  1473    NA         6.71     10.2     NA         NA         NA          NA       NA        NA       NA      
143    21  131072  0.05  1471    NA        NA        NA       NA         NA         NA          13.0     10.5      12.2     10.6    
144    21  131072  0.1   1979     8.99     NA         8.96    11.6        6.48       6.32       NA       NA        NA       NA      
145    21  131072  0.1   1978    NA         6.43     NA       NA         NA         NA          NA       NA        NA       NA      
146    21  131072  0.1   1971    NA        NA        NA       NA         NA         NA          10.9     12.8      13.1     10.4    
147    21  131072  0.15  2050    14.1      NA        NA       15.8        9.51       8.65       NA       NA        NA       NA      
148    21  131072  0.15  2048    NA        12.4      NA       NA         NA         NA          NA       NA        NA       NA      
149    21  131072  0.15  2044    NA        NA        14.2     NA         NA         NA          NA       NA        NA       NA      
150    21  131072  0.15  2040    NA        NA        NA       NA         NA         NA          17.5     17.6      19.6     11.0    
151    21  131072  0.2   2180    14.7      NA        NA       10.4        8.16       9.64       NA       NA        NA       NA      
152    21  131072  0.2   2174    NA        13.0      NA       NA         NA         NA          NA       NA        NA       NA      
153    21  131072  0.2   2173    NA        NA        12.5     NA         NA         NA          NA       NA        NA       NA      
154    21  131072  0.2   2169    NA        NA        NA       NA         NA         NA          15.6     13.1      20.1     20.1    
155    21  131072  0.25  2624    20.4      NA        NA       14.9       14.4       15.1        NA       NA        NA       NA      
156    21  131072  0.25  2609    NA        14.5      NA       NA         NA         NA          NA       NA        NA       NA      
157    21  131072  0.25  2603    NA        NA        18.7     NA         NA         NA          NA       NA        NA       NA      
158    21  131072  0.25  2597    NA        NA        NA       NA         NA         NA          26.2     24.8      32.2     23.3    
159    21  131072  0.3   2474    23.0      NA        NA       15.3        9.94      14.3        19.4     22.9      58.1     12.1    
160    21  131072  0.3   2478    NA        13.6      NA       NA         NA         NA          NA       NA        NA       NA      
161    21  131072  0.3   2472    NA        NA        12.8     NA         NA         NA          NA       NA        NA       NA      
162    21  131072  0.35  2843    26.2      NA        NA       18.9       14.8       22.2        NA       NA        NA       NA      
163    21  131072  0.35  2842    NA        14.9      NA       NA         NA         NA          NA       NA        NA       NA      
164    21  131072  0.35  2838    NA        NA        18.6     NA         NA         NA          NA       NA        NA       NA      
165    21  131072  0.35  2840    NA        NA        NA       NA         NA         NA          27.1     26.0      77.2     16.8    
166    21  131072  0.4   2872    36.2      23.5      20.0     18.9       23.5       28.1        29.8     30.4      79.8     18.7    
167    21  131072  0.45  2809    42.6      28.2      25.8     25.7       29.3       35.6        NA       NA        NA       NA      
168    21  131072  0.45  2810    NA        NA        NA       NA         NA         NA          29.4     28.2      87.3     20.0    
169    21  131072  0.5   2460    37.6      26.9      25.1     29.4       27.5       28.0        32.9     28.0      63.8     26.7    
170    21  131072  0.55  3340    51.3      40.2      35.7     37.1       39.9       38.6        49.6     35.6      68.8     40.1    
171    21  131072  0.6   2630    41.3      32.7      33.6     35.1       29.4       33.1        38.5     31.7      51.6     29.2    
172    21  131072  0.65  2949    41.7      37.7      34.8     38.9       39.6       42.2        40.9     47.4      54.8     49.3    
173    21  131072  0.7   3274    60.6      55.3      52.1     55.1       58.9       53.5        NA       NA        NA       NA      
174    21  131072  0.7   3275    NA        NA        NA       NA         NA         NA          55.7     62.6      70.8     53.7    
175    21  131072  0.75  2934    63.9      59.8      60.2     59.9       64.7       58.0        62.6     66.6      66.8     61.4    
176    21  131072  0.8   3701    90.2      87.1      89.5     85.7       91.3       79.0        90.6     94.5      90.4     86.8    
177    21  131072  0.85  2972    91.9      88.5      85.4     86.4       85.8       81.7        84.1     91.9      90.1     79.2    
178    21  131072  0.9   2196    47.8      47.9      50.1     43.9       46.6       46.8        52.5     51.0      58.3     51.2    
179    21  131072  0.95  1720    37.1      37.4      38.4     36.4       37.9       37.7        39.2     39.2      42.2     40.4    
180    21  262144  0       98     4.66     NA        NA        4.50       4.34       4.31       NA       NA        NA       NA      
181    21  262144  0      115    NA         8.40     NA       NA         NA         NA          NA       NA        NA       NA      
182    21  262144  0      121    NA        NA         8.79    NA         NA         NA          NA       NA        NA       NA      
183    21  262144  0      141    NA        NA        NA       NA         NA         NA          12.2     12.3      12.2     12.1    
184    21  262144  0.05  1465     9.68     NA        NA        7.78       5.41       4.76       NA       NA        NA       NA      
185    21  262144  0.05  1458    NA         3.95     NA       NA         NA         NA          NA       NA        NA       NA      
186    21  262144  0.05  1473    NA        NA         6.69    NA         NA         NA          10.2     11.4      10.6      9.79   
187    21  262144  0.1   1974     8.68     NA        NA        9.73       4.68       4.88       NA       NA        NA       NA      
188    21  262144  0.1   1979    NA         4.75     NA       NA         NA         NA           8.96    13.4      11.3      8.53   
189    21  262144  0.1   1978    NA        NA         6.42    NA         NA         NA          NA       NA        NA       NA      
190    21  262144  0.15  2052    12.3      NA        NA       12.3        8.71       7.31       NA       NA        NA       NA      
191    21  262144  0.15  2050    NA         8.25     NA       NA         NA         NA          NA       NA        NA       NA      
192    21  262144  0.15  2048    NA        NA        12.4     NA         NA         NA          NA       NA        NA       NA      
193    21  262144  0.15  2044    NA        NA        NA       NA         NA         NA          14.2     12.7      12.6      9.60   
194    21  262144  0.2   2184    13.5      NA        NA        7.66       7.95       9.72       NA       NA        NA       NA      
195    21  262144  0.2   2180    NA         8.55     NA       NA         NA         NA          NA       NA        NA       NA      
196    21  262144  0.2   2174    NA        NA        13.0     NA         NA         NA          NA       NA        NA       NA      
197    21  262144  0.2   2173    NA        NA        NA       NA         NA         NA          12.5     13.8      21.2     16.1    
198    21  262144  0.25  2628    21.0      NA        NA       15.5       15.4       12.8        NA       NA        NA       NA      
199    21  262144  0.25  2624    NA        13.6      NA       NA         NA         NA          NA       NA        NA       NA      
200    21  262144  0.25  2609    NA        NA        14.5     NA         NA         NA          NA       NA        NA       NA      
201    21  262144  0.25  2603    NA        NA        NA       NA         NA         NA          18.7     21.8      31.0     20.3    
202    21  262144  0.3   2477    20.5      NA        NA       16.7       10.7       12.6        NA       NA        NA       NA      
203    21  262144  0.3   2474    NA        16.6      NA       NA         NA         NA          NA       NA        NA       NA      
204    21  262144  0.3   2478    NA        NA        13.5     NA         NA         NA          NA       NA        NA       NA      
205    21  262144  0.3   2472    NA        NA        NA       NA         NA         NA          12.8     24.1      46.2     13.0    
206    21  262144  0.35  2843    23.4      19.4      NA       25.4       17.1       19.6        NA       NA        NA       NA      
207    21  262144  0.35  2842    NA        NA        14.9     NA         NA         NA          NA       NA        NA       NA      
208    21  262144  0.35  2838    NA        NA        NA       NA         NA         NA          18.6     32.9      71.3     24.8    
209    21  262144  0.4   2872    31.0      30.5      23.3     27.2       26.2       22.2        20.0     35.9      63.4     17.6    
210    21  262144  0.45  2810    40.9      NA        NA       35.1       32.6       28.5        NA       NA        NA       NA      
211    21  262144  0.45  2809    NA        37.7      28.1     NA         NA         NA          25.8     42.0      70.1     20.9    
212    21  262144  0.5   2460    37.1      33.6      26.9     31.0       25.7       26.8        25.1     37.7      53.3     17.9    
213    21  262144  0.55  3340    42.5      46.6      40.8     42.9       41.5       37.5        36.2     44.8      48.8     36.4    
214    21  262144  0.6   2630    35.4      37.9      32.7     37.7       32.0       30.3        33.6     35.9      35.1     26.4    
215    21  262144  0.65  2949    41.4      38.7      37.7     42.6       43.7       38.1        34.8     48.3      43.1     45.7    
216    21  262144  0.7   3274    58.0      57.3      55.3     57.9       60.6       52.9        52.1     62.2      61.3     57.2    
217    21  262144  0.75  2934    63.1      61.7      59.8     59.9       64.8       59.9        60.2     63.0      64.9     61.3    
218    21  262144  0.8   3701    87.8      88.1      87.1     86.4       91.1       83.2        89.5     90.0      89.6     88.4    
219    21  262144  0.85  2972    88.2      90.8      88.5     87.6       86.6       83.3        85.4     86.6      87.4     80.9    
220    21  262144  0.9   2196    48.3      47.5      47.9     45.9       48.2       48.0        50.1     47.3      54.0     44.4    
221    21  262144  0.95  1720    37.6      37.1      37.4     36.6       38.3       37.6        38.4     37.7      40.6     37.3    
222    21  524288  0       91     4.14     NA        NA        3.96       3.85       3.80       NA       NA        NA       NA      
223    21  524288  0       98    NA         4.33     NA       NA         NA         NA          NA       NA        NA       NA      
224    21  524288  0      115    NA        NA         8.40    NA         NA         NA          NA       NA        NA       NA      
225    21  524288  0      121    NA        NA        NA       NA         NA         NA           8.79     8.87      8.84     8.79   
226    21  524288  0.05  1459     7.96     NA        NA        4.68       2.75       2.51       NA       NA        NA       NA      
227    21  524288  0.05  1465    NA         5.02     NA       NA         NA         NA          NA       NA        NA       NA      
228    21  524288  0.05  1458    NA        NA         3.94    NA         NA         NA          NA       NA        NA       NA      
229    21  524288  0.05  1473    NA        NA        NA       NA         NA         NA           6.69     8.27      6.99     6.63   
230    21  524288  0.1   1976    10.6      NA        NA        7.41       5.56       5.05       NA       NA        NA       NA      
231    21  524288  0.1   1974    NA         3.44     NA       NA         NA         NA          NA       NA        NA       NA      
232    21  524288  0.1   1979    NA        NA         4.75    NA         NA         NA          NA       NA        NA       NA      
233    21  524288  0.1   1978    NA        NA        NA       NA         NA         NA           6.42    10.4       8.82     6.69   
234    21  524288  0.15  2053    12.9      NA        NA       10.4        9.07       7.85       NA       NA        NA       NA      
235    21  524288  0.15  2052    NA         6.61     NA       NA         NA         NA          NA       NA        NA       NA      
236    21  524288  0.15  2050    NA        NA         8.24    NA         NA         NA          NA       NA        NA       NA      
237    21  524288  0.15  2048    NA        NA        NA       NA         NA         NA          12.4     13.1      12.6     10.8    
238    21  524288  0.2   2189    13.1      NA        NA        6.76       7.21       8.07       NA       NA        NA       NA      
239    21  524288  0.2   2184    NA         7.63     NA       NA         NA         NA          NA       NA        NA       NA      
240    21  524288  0.2   2180    NA        NA         8.55    NA         NA         NA          NA       NA        NA       NA      
241    21  524288  0.2   2174    NA        NA        NA       NA         NA         NA          13.0     10.5      11.1     12.1    
242    21  524288  0.25  2632    22.3      NA        NA       16.1       15.1       12.6        NA       NA        NA       NA      
243    21  524288  0.25  2628    NA        14.0      NA       NA         NA         NA          NA       NA        NA       NA      
244    21  524288  0.25  2624    NA        NA        13.6     NA         NA         NA          NA       NA        NA       NA      
245    21  524288  0.25  2609    NA        NA        NA       NA         NA         NA          14.5     17.0      23.4     17.5    
246    21  524288  0.3   2481    24.4      NA        NA       13.3       12.4       12.9        NA       NA        NA       NA      
247    21  524288  0.3   2477    NA        14.5      NA       NA         NA         NA          NA       NA        NA       NA      
248    21  524288  0.3   2474    NA        NA        16.6     NA         NA         NA          NA       NA        NA       NA      
249    21  524288  0.3   2478    NA        NA        NA       NA         NA         NA          13.5     18.2      24.9     11.5    
250    21  524288  0.35  2842    28.5      NA        NA       21.0       19.9       22.2        14.9     23.0      47.4     19.6    
251    21  524288  0.35  2843    NA        17.1      19.4     NA         NA         NA          NA       NA        NA       NA      
252    21  524288  0.4   2872    35.6      25.3      30.4     25.6       29.1       25.1        23.3     27.2      52.5     26.6    
253    21  524288  0.45  2809    41.9      NA        37.6     31.6       32.1       29.6        28.1     33.3      58.4     34.7    
254    21  524288  0.45  2810    NA        35.8      NA       NA         NA         NA          NA       NA        NA       NA      
255    21  524288  0.5   2460    35.5      33.0      33.5     29.2       25.4       28.8        26.9     37.0      46.8     24.1    
256    21  524288  0.55  3340    44.3      37.4      46.6     41.5       38.8       39.2        40.2     44.5      48.9     37.2    
257    21  524288  0.6   2630    34.1      31.9      37.9     35.6       31.2       31.7        32.7     34.9      32.1     31.3    
258    21  524288  0.65  2949    44.4      38.2      38.6     41.5       43.0       40.7        37.7     40.1      40.2     43.7    
259    21  524288  0.7   3274    58.8      54.8      57.3     59.7       58.5       54.0        55.3     58.8      53.5     54.9    
260    21  524288  0.75  2934    62.8      60.9      61.7     63.5       63.8       59.6        59.8     64.4      61.4     59.8    
261    21  524288  0.8   3701    87.1      85.7      88.1     88.7       89.1       84.8        87.1     89.2      88.7     83.8    
262    21  524288  0.85  2971    87.7      NA        NA       88.7       86.0       85.1        NA       NA        NA       NA      
263    21  524288  0.85  2972    NA        87.1      90.8     NA         NA         NA          88.5     81.8      87.8     79.3    
264    21  524288  0.9   2197    48.0      NA        NA       48.1       50.0       48.4        NA       NA        NA       NA      
265    21  524288  0.9   2196    NA        47.9      47.5     NA         NA         NA          47.9     45.4      49.4     47.1    
266    21  524288  0.95  1720    37.4      37.5      37.1     37.6       38.7       37.7        37.4     38.1      38.9     37.6    
267    31   16384  0     1019    17.9      NA        NA       26.1       17.3       16.7        NA       NA        NA       NA      
268    31   16384  0     1053    NA        23.6      NA       NA         NA         NA          NA       NA        NA       NA      
269    31   16384  0     1234    NA        NA        45.5     NA         NA         NA          NA       NA        NA       NA      
270    31   16384  0.05  2650    20.9      NA        NA       35.5       14.0       14.3        NA       NA        NA       NA      
271    31   16384  0.05  2651    NA        25.5      NA       NA         NA         NA          NA       NA        NA       NA      
272    31   16384  0.05  2663    NA        NA        37.2     NA         NA         NA          NA       NA        NA       NA      
273    31   16384  0.1   2595    14.7      NA        NA       30.7       12.5       15.9        NA       NA        NA       NA      
274    31   16384  0.1   2584    NA        31.9      NA       NA         NA         NA          NA       NA        NA       NA      
275    31   16384  0.1   2567    NA        NA        42.8     NA         NA         NA          NA       NA        NA       NA      
276    31   16384  0.15  2470    16.9      NA        NA       38.0       23.9       17.0        NA       NA        NA       NA      
277    31   16384  0.15  2459    NA        24.9      NA       NA         NA         NA          NA       NA        NA       NA      
278    31   16384  0.15  2406    NA        NA        39.8     NA         NA         NA          NA       NA        NA       NA      
279    31   16384  0.2   2493    21.7      NA        NA       37.8       21.8       16.6        NA       NA        NA       NA      
280    31   16384  0.2   2487    NA        24.9      NA       NA         NA         NA          NA       NA        NA       NA      
281    31   16384  0.2   2411    NA        NA        45.7     NA         NA         NA          NA       NA        NA       NA      
282    31   16384  0.25  2735    23.8      NA        NA       31.4       17.4       13.9        NA       NA        NA       NA      
283    31   16384  0.25  2726    NA        34.0      NA       NA         NA         NA          NA       NA        NA       NA      
284    31   16384  0.25  2686    NA        NA        44.1     NA         NA         NA          NA       NA        NA       NA      
285    31   16384  0.3   2445    21.5      28.2      NA       32.5       21.8       17.2        NA       NA        NA       NA      
286    31   16384  0.3   2438    NA        NA        34.0     NA         NA         NA          NA       NA        NA       NA      
287    31   16384  0.35  2839    15.5      NA        NA       30.3       26.3       16.4        NA       NA        NA       NA      
288    31   16384  0.35  2840    NA        26.7      NA       NA         NA         NA          NA       NA        NA       NA      
289    31   16384  0.35  2838    NA        NA        48.6     NA         NA         NA          NA       NA        NA       NA      
290    31   16384  0.4   2351    15.1      23.0      41.1     31.9       38.5       16.5        NA       NA        NA       NA      
291    31   16384  0.45  2699    22.5      NA        52.5     31.6       46.1       26.0        NA       NA        NA       NA      
292    31   16384  0.45  2701    NA        31.7      NA       NA         NA         NA          NA       NA        NA       NA      
293    31   16384  0.5   2665    26.6      NA        NA       47.2       33.2       24.0        NA       NA        NA       NA      
294    31   16384  0.5   2664    NA        34.4      NA       NA         NA         NA          NA       NA        NA       NA      
295    31   16384  0.5   2666    NA        NA        49.2     NA         NA         NA          NA       NA        NA       NA      
296    31   16384  0.55  2442    18.9      25.6      47.9     32.1       21.4       20.2        NA       NA        NA       NA      
297    31   16384  0.6   2811    27.3      35.5      46.8     40.2       29.9       34.3        NA       NA        NA       NA      
298    31   16384  0.65  2691    31.4      38.2      NA       45.2       41.0       46.6        NA       NA        NA       NA      
299    31   16384  0.65  2692    NA        NA        38.5     NA         NA         NA          NA       NA        NA       NA      
300    31   16384  0.7   2592    38.4      43.4      43.4     47.9       44.3       39.5        NA       NA        NA       NA      
301    31   16384  0.75  2917    41.3      48.8      55.5     63.3       64.7       43.3        NA       NA        NA       NA      
302    31   16384  0.8   2501    49.8      47.7      54.1     59.5       53.8       50.5        NA       NA        NA       NA      
303    31   16384  0.85  2777    70.6      67.6      78.9     81.0       56.7       67.3        NA       NA        NA       NA      
304    31   16384  0.9   2118    31.9      31.0      NA       37.3       25.5       33.2        NA       NA        NA       NA      
305    31   16384  0.9   2119    NA        NA        37.0     NA         NA         NA          NA       NA        NA       NA      
306    31   16384  0.95  1770    24.4      23.3      28.0     26.4       25.3       26.7        NA       NA        NA       NA      
307    31   32768  0      998    15.6      NA        NA       20.6       14.0       13.9        NA       NA        NA       NA      
308    31   32768  0     1019    NA        16.9      NA       NA         NA         NA          NA       NA        NA       NA      
309    31   32768  0     1053    NA        NA        23.6     NA         NA         NA          NA       NA        NA       NA      
310    31   32768  0     1234    NA        NA        NA       NA         NA         NA          45.5     47.8      48.7     50.5    
311    31   32768  0.05  2653    17.2      NA        NA       24.8       11.6       10.5        NA       NA        NA       NA      
312    31   32768  0.05  2650    NA        16.6      NA       NA         NA         NA          NA       NA        NA       NA      
313    31   32768  0.05  2651    NA        NA        25.5     NA         NA         NA          NA       NA        NA       NA      
314    31   32768  0.05  2663    NA        NA        NA       NA         NA         NA          37.2     35.7      36.2     30.8    
315    31   32768  0.1   2592    15.1      NA        NA       22.8        9.59      10.2        NA       NA        NA       NA      
316    31   32768  0.1   2595    NA        17.7      NA       NA         NA         NA          NA       NA        NA       NA      
317    31   32768  0.1   2584    NA        NA        31.9     NA         NA         NA          NA       NA        NA       NA      
318    31   32768  0.1   2567    NA        NA        NA       NA         NA         NA          42.8     27.8      40.8     33.7    
319    31   32768  0.15  2481    15.6      NA        NA       21.4       20.2       12.5        NA       NA        NA       NA      
320    31   32768  0.15  2470    NA        14.9      NA       NA         NA         NA          NA       NA        NA       NA      
321    31   32768  0.15  2459    NA        NA        24.9     NA         NA         NA          NA       NA        NA       NA      
322    31   32768  0.15  2406    NA        NA        NA       NA         NA         NA          39.8     25.4      43.6     29.0    
323    31   32768  0.2   2497    17.5      NA        NA       28.8       16.9       12.5        NA       NA        NA       NA      
324    31   32768  0.2   2493    NA        17.8      NA       NA         NA         NA          NA       NA        NA       NA      
325    31   32768  0.2   2487    NA        NA        24.9     NA         NA         NA          NA       NA        NA       NA      
326    31   32768  0.2   2411    NA        NA        NA       NA         NA         NA          45.7     40.8      24.9     33.4    
327    31   32768  0.25  2741    15.7      NA        NA       27.4       20.2       11.1        NA       NA        NA       NA      
328    31   32768  0.25  2735    NA        21.2      NA       NA         NA         NA          NA       NA        NA       NA      
329    31   32768  0.25  2726    NA        NA        34.0     NA         NA         NA          NA       NA        NA       NA      
330    31   32768  0.25  2686    NA        NA        NA       NA         NA         NA          44.1     47.5      34.2     33.3    
331    31   32768  0.3   2444    16.4      NA        NA       20.7       20.0       14.8        NA       NA        NA       NA      
332    31   32768  0.3   2445    NA        19.8      28.2     NA         NA         NA          NA       NA        NA       NA      
333    31   32768  0.3   2438    NA        NA        NA       NA         NA         NA          34.0     48.4      32.1     30.1    
334    31   32768  0.35  2839    13.3      17.2      NA       22.2       28.1       16.8        NA       NA        NA       NA      
335    31   32768  0.35  2840    NA        NA        26.7     NA         NA         NA          NA       NA        NA       NA      
336    31   32768  0.35  2838    NA        NA        NA       NA         NA         NA          48.6     44.3      65.6     52.1    
337    31   32768  0.4   2352    13.9      NA        NA       22.7       28.8       20.0        NA       NA        NA       NA      
338    31   32768  0.4   2351    NA        14.8      23.0     NA         NA         NA          41.5     56.5      43.8     43.4    
339    31   32768  0.45  2699    17.6      21.6      NA       22.9       30.0       15.8        52.5     62.4      44.9     52.1    
340    31   32768  0.45  2701    NA        NA        31.7     NA         NA         NA          NA       NA        NA       NA      
341    31   32768  0.5   2664    17.6      NA        34.4     32.7       24.6       18.1        NA       NA        NA       NA      
342    31   32768  0.5   2665    NA        24.0      NA       NA         NA         NA          NA       NA        NA       NA      
343    31   32768  0.5   2666    NA        NA        NA       NA         NA         NA          49.2     58.2      54.5     38.9    
344    31   32768  0.55  2442    15.6      18.3      25.6     22.3       15.7       15.7        47.9     50.7      44.3     37.4    
345    31   32768  0.6   2811    26.2      25.5      35.5     29.5       23.6       29.4        46.8     50.8      44.4     47.9    
346    31   32768  0.65  2691    32.0      30.0      38.2     45.4       32.9       43.5        NA       NA        NA       NA      
347    31   32768  0.65  2692    NA        NA        NA       NA         NA         NA          38.5     55.6      48.6     61.6    
348    31   32768  0.7   2592    37.2      36.2      43.4     41.9       37.9       40.0        43.4     54.4      51.0     56.2    
349    31   32768  0.75  2917    44.1      38.8      48.8     55.8       56.0       47.7        55.5     81.8      71.9     46.9    
350    31   32768  0.8   2501    50.7      47.6      47.7     55.8       54.9       50.4        54.1     59.4      62.4     46.2    
351    31   32768  0.85  2777    67.7      69.9      67.6     75.0       63.9       60.6        78.9     63.5      74.9     52.9    
352    31   32768  0.9   2119    27.3      NA        NA       33.5       31.1       33.0        37.0     20.3      30.1     34.8    
353    31   32768  0.9   2118    NA        31.7      31.0     NA         NA         NA          NA       NA        NA       NA      
354    31   32768  0.95  1770    24.7      24.3      23.3     24.8       27.1       26.0        28.0     22.6      22.2     30.9    
355    31   65536  0      984    12.8      NA        NA       14.9       10.8       10.6        NA       NA        NA       NA      
356    31   65536  0      998    NA        14.0      NA       NA         NA         NA          NA       NA        NA       NA      
357    31   65536  0     1019    NA        NA        16.9     NA         NA         NA          NA       NA        NA       NA      
358    31   65536  0     1053    NA        NA        NA       NA         NA         NA          23.6     23.5      23.8     23.4    
359    31   65536  0.05  2643    13.9      NA        NA       17.6        8.80       7.67       NA       NA        NA       NA      
360    31   65536  0.05  2653    NA        10.7      NA       NA         NA         NA          NA       NA        NA       NA      
361    31   65536  0.05  2650    NA        NA        16.6     NA         NA         NA          NA       NA        NA       NA      
362    31   65536  0.05  2651    NA        NA        NA       NA         NA         NA          25.5     18.1      19.2     19.7    
363    31   65536  0.1   2600    14.7      NA        NA       22.7        7.30       7.93       NA       NA        NA       NA      
364    31   65536  0.1   2592    NA         9.79     NA       NA         NA         NA          NA       NA        NA       NA      
365    31   65536  0.1   2595    NA        NA        17.7     NA         NA         NA          NA       NA        NA       NA      
366    31   65536  0.1   2584    NA        NA        NA       NA         NA         NA          31.9     18.8      29.0     22.0    
367    31   65536  0.15  2494    13.1      NA        NA       18.9       12.3        9.55       NA       NA        NA       NA      
368    31   65536  0.15  2481    NA         9.91     NA       NA         NA         NA          NA       NA        NA       NA      
369    31   65536  0.15  2470    NA        NA        14.9     NA         NA         NA          NA       NA        NA       NA      
370    31   65536  0.15  2459    NA        NA        NA       NA         NA         NA          24.9     21.7      23.0     20.8    
371    31   65536  0.2   2502    14.0      NA        NA       21.3       10.9       10.6        NA       NA        NA       NA      
372    31   65536  0.2   2497    NA        14.3      NA       NA         NA         NA          NA       NA        NA       NA      
373    31   65536  0.2   2493    NA        NA        17.8     NA         NA         NA          NA       NA        NA       NA      
374    31   65536  0.2   2487    NA        NA        NA       NA         NA         NA          24.9     34.0      25.4     25.9    
375    31   65536  0.25  2740    14.0      NA        NA       16.3       16.1       13.0        NA       NA        NA       NA      
376    31   65536  0.25  2741    NA        13.1      NA       NA         NA         NA          NA       NA        NA       NA      
377    31   65536  0.25  2735    NA        NA        21.3     NA         NA         NA          NA       NA        NA       NA      
378    31   65536  0.25  2726    NA        NA        NA       NA         NA         NA          34.0     30.5      19.0     21.8    
379    31   65536  0.3   2445    17.3      NA        19.8     18.7       20.9       12.3        28.2     36.2      19.9     25.6    
380    31   65536  0.3   2444    NA        14.3      NA       NA         NA         NA          NA       NA        NA       NA      
381    31   65536  0.35  2839    17.6      14.6      17.2     14.8       21.4       20.9        NA       NA        NA       NA      
382    31   65536  0.35  2840    NA        NA        NA       NA         NA         NA          26.7     30.3      42.4     24.2    
383    31   65536  0.4   2351    20.1      NA        14.8     19.0       20.0       21.4        23.0     42.2      27.4     22.5    
384    31   65536  0.4   2352    NA        13.6      NA       NA         NA         NA          NA       NA        NA       NA      
385    31   65536  0.45  2699    17.7      18.6      22.1     18.3       20.1       18.8        NA       NA        NA       NA      
386    31   65536  0.45  2701    NA        NA        NA       NA         NA         NA          31.7     50.8      31.5     33.8    
387    31   65536  0.5   2664    22.8      16.6      NA       34.6       22.1       27.1        34.4     35.9      38.0     30.9    
388    31   65536  0.5   2665    NA        NA        24.0     NA         NA         NA          NA       NA        NA       NA      
389    31   65536  0.55  2442    15.5      14.5      18.3     24.1       15.6       17.5        25.6     24.3      27.6     26.1    
390    31   65536  0.6   2811    28.6      23.5      25.5     28.8       21.1       27.9        35.5     36.3      33.0     37.5    
391    31   65536  0.65  2691    35.4      29.9      30.0     40.2       32.1       36.9        38.2     43.6      42.7     48.6    
392    31   65536  0.7   2592    39.6      35.4      36.2     35.3       35.3       37.3        44.1     45.6      43.1     46.0    
393    31   65536  0.75  2917    50.0      40.8      38.8     53.6       52.7       50.7        48.8     63.1      71.2     43.6    
394    31   65536  0.8   2501    52.9      48.2      47.6     57.6       53.6       52.8        47.7     53.4      64.8     45.0    
395    31   65536  0.85  2777    68.1      66.7      69.9     72.7       64.1       67.4        67.6     53.9      78.4     55.3    
396    31   65536  0.9   2118    28.8      NA        31.7     32.4       31.7       36.1        31.0     22.4      42.6     34.7    
397    31   65536  0.9   2119    NA        27.1      NA       NA         NA         NA          NA       NA        NA       NA      
398    31   65536  0.95  1770    24.5      24.7      24.3     25.8       26.9       27.4        23.3     23.7      28.5     30.0    
399    31  131072  0      952     8.24     NA        NA        8.43       6.00       5.84       NA       NA        NA       NA      
400    31  131072  0      984    NA        10.9      NA       NA         NA         NA          NA       NA        NA       NA      
401    31  131072  0      998    NA        NA        14.0     NA         NA         NA          NA       NA        NA       NA      
402    31  131072  0     1019    NA        NA        NA       NA         NA         NA          16.9     16.8      17.0     16.5    
403    31  131072  0.05  2650    13.4      NA        NA       13.4        6.02       6.69       16.6     13.1      12.7     13.9    
404    31  131072  0.05  2643    NA         7.89     NA       NA         NA         NA          NA       NA        NA       NA      
405    31  131072  0.05  2653    NA        NA        10.7     NA         NA         NA          NA       NA        NA       NA      
406    31  131072  0.1   2608    15.9      NA        NA       11.8        6.14       5.81       NA       NA        NA       NA      
407    31  131072  0.1   2600    NA         8.60     NA       NA         NA         NA          NA       NA        NA       NA      
408    31  131072  0.1   2592    NA        NA         9.77    NA         NA         NA          NA       NA        NA       NA      
409    31  131072  0.1   2595    NA        NA        NA       NA         NA         NA          17.7     12.6      18.2     15.1    
410    31  131072  0.15  2493    12.4      NA        NA       11.2        8.59       8.42       NA       NA        NA       NA      
411    31  131072  0.15  2494    NA         8.50     NA       NA         NA         NA          NA       NA        NA       NA      
412    31  131072  0.15  2481    NA        NA         9.90    NA         NA         NA          NA       NA        NA       NA      
413    31  131072  0.15  2470    NA        NA        NA       NA         NA         NA          14.9     23.9      13.8     15.8    
414    31  131072  0.2   2517    15.3      NA        NA       13.1        7.21      10.9        NA       NA        NA       NA      
415    31  131072  0.2   2502    NA        10.3      NA       NA         NA         NA          NA       NA        NA       NA      
416    31  131072  0.2   2497    NA        NA        14.3     NA         NA         NA          NA       NA        NA       NA      
417    31  131072  0.2   2493    NA        NA        NA       NA         NA         NA          17.8     21.4      20.1     17.8    
418    31  131072  0.25  2742    19.5      NA        NA       14.3        9.74      13.4        NA       NA        NA       NA      
419    31  131072  0.25  2740    NA         9.57     NA       NA         NA         NA          NA       NA        NA       NA      
420    31  131072  0.25  2741    NA        NA        13.1     NA         NA         NA          NA       NA        NA       NA      
421    31  131072  0.25  2735    NA        NA        NA       NA         NA         NA          21.3     17.2      27.6     14.4    
422    31  131072  0.3   2445    19.5      13.8      NA       18.6       14.3       14.1        19.8     23.0      20.1     17.7    
423    31  131072  0.3   2444    NA        NA        14.3     NA         NA         NA          NA       NA        NA       NA      
424    31  131072  0.35  2839    21.8      12.9      14.6     15.2       18.5       22.1        17.2     27.2      28.3     15.4    
425    31  131072  0.4   2351    21.5      16.1      NA       15.3       17.1       23.1        14.8     38.0      22.5     16.6    
426    31  131072  0.4   2352    NA        NA        13.6     NA         NA         NA          NA       NA        NA       NA      
427    31  131072  0.45  2699    19.8      15.2      18.6     18.2       16.8       18.5        21.6     45.1      29.7     25.9    
428    31  131072  0.5   2664    22.3      19.3      16.6     31.5       19.9       23.1        NA       NA        NA       NA      
429    31  131072  0.5   2665    NA        NA        NA       NA         NA         NA          24.0     33.4      27.0     23.5    
430    31  131072  0.55  2442    16.4      13.0      14.5     19.5       16.0       13.1        18.3     20.7      23.7     21.1    
431    31  131072  0.6   2811    28.1      25.2      23.5     23.9       24.1       27.3        25.5     30.1      29.4     34.0    
432    31  131072  0.65  2691    35.7      32.4      29.9     35.3       35.2       37.0        30.0     41.1      42.1     46.2    
433    31  131072  0.7   2592    36.0      36.9      34.7     34.3       36.9       34.3        36.2     42.9      31.3     39.8    
434    31  131072  0.75  2917    50.9      47.1      40.8     47.4       54.7       49.5        38.0     62.6      43.2     43.0    
435    31  131072  0.8   2501    53.5      51.2      48.2     51.8       52.9       54.5        48.5     53.0      54.7     50.6    
436    31  131072  0.85  2777    65.0      66.7      66.7     66.5       60.6       69.3        69.9     56.5      69.8     66.8    
437    31  131072  0.9   2119    28.6      NA        27.1     29.8       33.0       34.1        NA       NA        NA       NA      
438    31  131072  0.9   2118    NA        28.3      NA       NA         NA         NA          31.7     25.3      40.2     32.5    
439    31  131072  0.95  1770    23.7      24.4      24.7     25.1       26.8       26.3        24.3     25.2      27.7     26.3    
440    31  262144  0      952     8.38      5.98     NA        7.44       5.86       5.70       NA       NA        NA       NA      
441    31  262144  0      984    NA        NA        10.9     NA         NA         NA          NA       NA        NA       NA      
442    31  262144  0      998    NA        NA        NA       NA         NA         NA          14.0     13.5      13.5     13.6    
443    31  262144  0.05  2645    12.4      NA        NA        8.69       3.95       4.56       NA       NA        NA       NA      
444    31  262144  0.05  2650    NA         5.60     NA       NA         NA         NA          NA       NA        NA       NA      
445    31  262144  0.05  2643    NA        NA         7.89    NA         NA         NA          NA       NA        NA       NA      
446    31  262144  0.05  2653    NA        NA        NA       NA         NA         NA          10.7     10.9      11.1      9.91   
447    31  262144  0.1   2610    17.0      NA        NA        9.44       6.85       4.01       NA       NA        NA       NA      
448    31  262144  0.1   2608    NA         7.52     NA       NA         NA         NA          NA       NA        NA       NA      
449    31  262144  0.1   2600    NA        NA         8.60    NA         NA         NA          NA       NA        NA       NA      
450    31  262144  0.1   2592    NA        NA        NA       NA         NA         NA           9.77     9.71      9.71    10.2    
451    31  262144  0.15  2493    14.7       6.50     NA        9.24       6.93       5.59       NA       NA        NA       NA      
452    31  262144  0.15  2494    NA        NA         8.48    NA         NA         NA          NA       NA        NA       NA      
453    31  262144  0.15  2481    NA        NA        NA       NA         NA         NA           9.90    18.9      10.8     13.0    
454    31  262144  0.2   2519    13.6      NA        NA       14.0        7.11       9.62       NA       NA        NA       NA      
455    31  262144  0.2   2517    NA         9.07     NA       NA         NA         NA          NA       NA        NA       NA      
456    31  262144  0.2   2502    NA        NA        10.3     NA         NA         NA          NA       NA        NA       NA      
457    31  262144  0.2   2497    NA        NA        NA       NA         NA         NA          14.3     15.8      10.6     12.3    
458    31  262144  0.25  2743    15.7      NA        NA       15.7       11.1       12.7        NA       NA        NA       NA      
459    31  262144  0.25  2742    NA        12.7      NA       NA         NA         NA          NA       NA        NA       NA      
460    31  262144  0.25  2740    NA        NA         9.55    NA         NA         NA          NA       NA        NA       NA      
461    31  262144  0.25  2741    NA        NA        NA       NA         NA         NA          13.1     18.5      13.3     11.1    
462    31  262144  0.3   2445    19.1      13.8      13.8     17.1       15.4       12.5        NA       NA        NA       NA      
463    31  262144  0.3   2444    NA        NA        NA       NA         NA         NA          14.3     19.7      12.1     14.7    
464    31  262144  0.35  2839    25.8      14.9      12.8     15.0       21.8       16.7        14.6     25.2      12.4     17.1    
465    31  262144  0.4   2351    24.5      16.5      16.0     16.3       19.9       17.8        NA       NA        NA       NA      
466    31  262144  0.4   2352    NA        NA        NA       NA         NA         NA          13.6     25.6      12.7     21.0    
467    31  262144  0.45  2699    24.7      15.4      15.2     21.1       19.0       19.5        18.6     28.2      16.1     16.3    
468    31  262144  0.5   2664    22.4      18.8      19.2     25.1       21.5       20.6        16.6     24.4      21.5     19.6    
469    31  262144  0.55  2442    16.5      13.3      12.9     15.8       18.3       14.1        14.5     15.5      20.0     16.1    
470    31  262144  0.6   2811    25.8      24.3      25.1     23.2       24.4       24.2        23.5     23.7      24.8     29.2    
471    31  262144  0.65  2691    34.7      32.7      32.4     34.5       34.9       35.4        29.9     33.2      32.9     43.0    
472    31  262144  0.7   2592    35.2      33.6      36.9     35.5       36.1       34.5        34.7     37.7      27.3     39.6    
473    31  262144  0.75  2917    51.0      48.4      47.1     49.5       51.4       46.1        40.8     56.5      40.8     47.7    
474    31  262144  0.8   2501    53.7      52.0      51.2     52.8       53.4       54.5        48.2     55.0      52.9     50.4    
475    31  262144  0.85  2777    65.7      64.8      66.7     67.3       64.0       69.3        66.7     64.4      70.8     61.1    
476    31  262144  0.9   2119    29.9      28.2      NA       31.0       32.9       34.3        27.1     31.3      36.4     33.6    
477    31  262144  0.9   2118    NA        NA        28.3     NA         NA         NA          NA       NA        NA       NA      
478    31  262144  0.95  1770    24.3      23.6      24.4     25.4       26.2       26.4        24.7     27.2      27.6     26.1    
479    31  524288  0      942     6.74     NA        NA        4.89       3.85       3.76       NA       NA        NA       NA      
480    31  524288  0      952    NA         5.73      5.99    NA         NA         NA          NA       NA        NA       NA      
481    31  524288  0      984    NA        NA        NA       NA         NA         NA          10.9     10.5      10.6     10.4    
482    31  524288  0.05  2641    11.8      NA        NA        6.44       3.81       3.29       NA       NA        NA       NA      
483    31  524288  0.05  2645    NA         4.35     NA       NA         NA         NA          NA       NA        NA       NA      
484    31  524288  0.05  2650    NA        NA         5.59    NA         NA         NA          NA       NA        NA       NA      
485    31  524288  0.05  2643    NA        NA        NA       NA         NA         NA           7.89     7.90      7.96     7.20   
486    31  524288  0.1   2617    18.4      NA        NA        8.16       6.11       4.30       NA       NA        NA       NA      
487    31  524288  0.1   2610    NA         7.97     NA       NA         NA         NA          NA       NA        NA       NA      
488    31  524288  0.1   2608    NA        NA         7.49    NA         NA         NA          NA       NA        NA       NA      
489    31  524288  0.1   2600    NA        NA        NA       NA         NA         NA           8.60     6.62      8.61     7.69   
490    31  524288  0.15  2499    14.1      NA        NA        8.40       5.08       4.98       NA       NA        NA       NA      
491    31  524288  0.15  2493    NA         7.05      6.48    NA         NA         NA          NA       NA        NA       NA      
492    31  524288  0.15  2494    NA        NA        NA       NA         NA         NA           8.48    10.7       7.26     9.77   
493    31  524288  0.2   2519    14.6       6.94     NA        9.77       7.46       7.81       NA       NA        NA       NA      
494    31  524288  0.2   2517    NA        NA         9.01    NA         NA         NA          NA       NA        NA       NA      
495    31  524288  0.2   2502    NA        NA        NA       NA         NA         NA          10.3     10.8       9.85     9.91   
496    31  524288  0.25  2743    17.1       8.87     NA       11.9       11.8        9.37       NA       NA        NA       NA      
497    31  524288  0.25  2742    NA        NA        12.7     NA         NA         NA          NA       NA        NA       NA      
498    31  524288  0.25  2740    NA        NA        NA       NA         NA         NA           9.55    16.1       7.53    13.0    
499    31  524288  0.3   2446    19.9      NA        NA       11.2       15.4       11.4        NA       NA        NA       NA      
500    31  524288  0.3   2445    NA        12.9      13.8     NA         NA         NA          13.8     20.4      11.5     12.9    
501    31  524288  0.35  2839    25.6      18.5      14.9     16.9       21.2       16.4        12.8     19.5      13.4     21.8    
502    31  524288  0.4   2351    25.0      19.0      16.5     17.0       20.2       18.1        16.0     18.9      14.1     22.0    
503    31  524288  0.45  2699    25.5      19.3      15.3     18.6       19.8       21.8        15.7     19.0      13.6     20.0    
504    31  524288  0.5   2664    25.9      18.4      18.7     22.1       21.9       22.3        19.2     21.7      14.6     28.3    
505    31  524288  0.55  2442    19.0      13.3      13.3     13.2       17.3       15.3        12.9     14.7      13.1     17.9    
506    31  524288  0.6   2811    24.8      22.2      24.3     23.1       24.5       25.3        25.1     20.9      22.6     27.9    
507    31  524288  0.65  2691    35.3      31.4      32.7     35.2       35.0       36.5        32.4     32.2      30.2     36.8    
508    31  524288  0.7   2592    35.6      32.6      33.6     35.3       36.2       34.5        36.9     35.5      26.7     36.6    
509    31  524288  0.75  2917    49.1      48.5      48.4     50.8       49.1       46.1        47.1     53.1      38.7     49.7    
510    31  524288  0.8   2501    53.8      52.2      52.0     53.7       54.3       53.8        51.2     53.6      50.6     52.0    
511    31  524288  0.85  2777    66.3      64.6      64.8     67.8       66.3       68.6        66.7     63.5      68.5     66.8    
512    31  524288  0.9   2119    29.8      29.5      28.2     31.4       33.0       32.9        NA       NA        NA       NA      
513    31  524288  0.9   2118    NA        NA        NA       NA         NA         NA          28.3     31.7      32.5     36.1    
514    31  524288  0.95  1770    24.0      24.2      23.6     25.7       26.3       26.2        24.4     26.9      25.8     27.5    
515    71   16384  0    38747 12372.       NA        NA     1402.      1326.      1290.         NA       NA        NA       NA      
516    71   16384  0    38746    NA     12234.       NA       NA         NA         NA          NA       NA        NA       NA      
517    71   16384  0    38748    NA        NA     12250.      NA         NA         NA          NA       NA        NA       NA      
518    71   16384  0.05  7598  4871.     4871.     4858.      92.0       36.2       36.0        NA       NA        NA       NA      
519    71   16384  0.1   1973  1417.     1413.     1418.      25.6       11.8       10.2        NA       NA        NA       NA      
520    71   16384  0.15  1132   802.       NA       802.      17.5        6.70       6.47       NA       NA        NA       NA      
521    71   16384  0.15  1133    NA       805.       NA       NA         NA         NA          NA       NA        NA       NA      
522    71   16384  0.2    112    83.7      83.6      NA        1.82       0.839      0.792      NA       NA        NA       NA      
523    71   16384  0.2    111    NA        NA        83.0     NA         NA         NA          NA       NA        NA       NA      
524    71   16384  0.25     1     0.715     0.715     0.714    0.0665     0.0123     0.00916    NA       NA        NA       NA      
525    71   16384  0.3      2     1.38      1.38      1.38     0.0269     0.0192     0.0168     NA       NA        NA       NA      
526    71   16384  0.95    15     0.146     0.146     0.146    0.146      0.145      0.146      NA       NA        NA       NA      
527    71   32768  0    38747 12356.    12275.       NA     1441.      1328.      1302.         NA       NA        NA       NA      
528    71   32768  0    38746    NA        NA     12234.      NA         NA         NA          NA       NA        NA       NA      
529    71   32768  0    38748    NA        NA        NA       NA         NA         NA       12250.    1353.      135.    1286.     
530    71   32768  0.05  7598  4868.     4861.     4871.      66.9       26.1       25.3      4858.      68.1     566.      69.5    
531    71   32768  0.1   1973  1416.     1415.     1413.      19.7        8.02       7.26     1418.      23.6     228.      20.5    
532    71   32768  0.15  1132   803.      801.       NA       11.8        5.19       5.10      802.      13.5     208.      14.7    
533    71   32768  0.15  1133    NA        NA       805.      NA         NA         NA          NA       NA        NA       NA      
534    71   32768  0.2    112    83.9      83.6      83.6      1.28       0.686      0.664      NA       NA        NA       NA      
535    71   32768  0.2    111    NA        NA        NA       NA         NA         NA          83.0      1.19     23.2      1.32   
536    71   32768  0.25     1     0.715     0.715     0.715    0.0422     0.0173     0.0174      0.714    0.0480    0.284    0.0265 
537    71   32768  0.3      2     1.38      1.38      1.38     0.00659    0.0149     0.00735     1.38     0.0492    0.625    0.0628 
538    71   32768  0.95    15     0.146     0.146     0.146    0.145      0.146      0.146       0.146    0.146    14.9      0.146  
539    71   65536  0    38747 12310.    12258.    12275.    1400.      1314.      1306.         NA       NA        NA       NA      
540    71   65536  0    38746    NA        NA        NA       NA         NA         NA       12234.    1342.      135.    1287.     
541    71   65536  0.05  7598  4853.     4859.     4862.      48.5       18.3       19.0      4871.      48.2     566.      47.9    
542    71   65536  0.1   1973  1413.     1414.     1415.      12.9        5.97       5.80     1413.      18.2     228.      14.0    
543    71   65536  0.15  1133   803.       NA        NA        8.97       3.84       3.55      805.       9.30    208.       9.50   
544    71   65536  0.15  1132    NA       803.      801.      NA         NA         NA          NA       NA        NA       NA      
545    71   65536  0.2    111    83.2      NA        NA        0.847      0.522      0.573      NA       NA        NA       NA      
546    71   65536  0.2    112    NA        83.3      83.6     NA         NA         NA          83.6      0.952    23.4      0.871  
547    71   65536  0.25     1     0.715     0.715     0.715    0.0212     0.0165     0.0211      0.715    0.0216    0.284    0.0187 
548    71   65536  0.3      2     1.38      1.38      1.38     0.00374    0.00806    0.00722     1.38     0.0248    0.625    0.0208 
549    71   65536  0.95    15     0.146     0.146     0.146    0.145      0.146      0.146       0.146    0.145    14.9      0.146  
550    71  131072  0    38746 12345.       NA        NA     1337.      1309.      1302.         NA       NA        NA       NA      
551    71  131072  0    38747    NA     12207.    12258.      NA         NA         NA       12275.    1316.      136.    1278.     
552    71  131072  0.05  7599  4848.       NA        NA       35.3       13.0       13.9        NA       NA        NA       NA      
553    71  131072  0.05  7598    NA      4844.     4860.      NA         NA         NA        4862.      34.1     566.      33.2    
554    71  131072  0.1   1973  1413.     1411.     1414.      10.7        4.47       4.45     1415.      11.0     228.       9.84   
555    71  131072  0.15  1132   802.       NA       803.       7.11       2.63       2.92      801.       6.46    208.       6.10   
556    71  131072  0.15  1133    NA       802.       NA       NA         NA         NA          NA       NA        NA       NA      
557    71  131072  0.2    112    83.8      NA        83.9      0.691      0.506      0.438      83.6      0.789    23.4      0.737  
558    71  131072  0.2    111    NA        83.2      NA       NA         NA         NA          NA       NA        NA       NA      
559    71  131072  0.25     1     0.715     0.715     0.715    0.0173     0.0168     0.0190      0.715    0.0113    0.284    0.0109 
560    71  131072  0.3      2     1.38      1.38      1.38     0.0169     0.0102     0.00540     1.38     0.0208    0.625    0.0181 
561    71  131072  0.95    15     0.146     0.146     0.146    0.145      0.146      0.146       0.146    0.145    14.9      0.146  
562    71  262144  0    38747 12349.       NA     12205.    1307.      1302.      1296.      12258.    1319.      136.    1295.     
563    71  262144  0    38746    NA     12241.       NA       NA         NA         NA          NA       NA        NA       NA      
564    71  262144  0.05  7598  4845.       NA      4844.      24.0        9.33      10.0      4860.      24.1     566.      23.4    
565    71  262144  0.05  7599    NA      4840.       NA       NA         NA         NA          NA       NA        NA       NA      
566    71  262144  0.1   1973  1412.     1411.     1411.       6.65       3.45       3.10     1414.       7.45    228.       6.89   
567    71  262144  0.15  1133   802.       NA       802.       5.23       2.32       2.48       NA       NA        NA       NA      
568    71  262144  0.15  1132    NA       802.       NA       NA         NA         NA         803.       5.08    208.       4.62   
569    71  262144  0.2    111    83.1      NA        83.2      0.569      0.499      0.378      NA       NA        NA       NA      
570    71  262144  0.2    112    NA        83.8      NA       NA         NA         NA          83.9      0.654    23.4      0.606  
571    71  262144  0.25     1     0.715     0.715     0.715    0.0238     0.0197     0.0176      0.715    0.0179    0.284    0.0187 
572    71  262144  0.3      2     1.38      1.38      1.38     0.0211     0.0110     0.00541     1.38     0.0143    0.625    0.00620
573    71  262144  0.95    15     0.146     0.146     0.146    0.146      0.146      0.146       0.146    0.146    14.9      0.146  
574    71  524288  0    38746 12373.       NA     12241.    1298.      1297.      1296.         NA       NA        NA       NA      
575    71  524288  0    38747    NA     12247.       NA       NA         NA         NA       12207.    1312.      136.    1302.     
576    71  524288  0.05  7598  4844.     4837.       NA       17.1        6.65       6.94     4844.      17.0     566.      17.7    
577    71  524288  0.05  7599    NA        NA      4840.      NA         NA         NA          NA       NA        NA       NA      
578    71  524288  0.1   1973  1412.     1410.     1411.       4.62       2.08       2.16     1411.       5.64    228.       5.57   
579    71  524288  0.15  1133   802.      801.       NA        4.26       1.45       1.90      802.       3.72    208.       3.27   
580    71  524288  0.15  1132    NA        NA       802.      NA         NA         NA          NA       NA        NA       NA      
581    71  524288  0.2    112    83.9      NA        83.8      0.538      0.384      0.325      NA       NA        NA       NA      
582    71  524288  0.2    111    NA        83.1      NA       NA         NA         NA          83.2      0.491    23.2      0.558  
583    71  524288  0.25     1     0.715     0.715     0.715    0.0190     0.0194     0.0189      0.715    0.0172    0.284    0.0204 
584    71  524288  0.3      2     1.38      1.38      1.38     0.0194     0.0109     0.00616     1.38     0.00828   0.625    0.00733
585    71  524288  0.95    15     0.146     0.146     0.146    0.146      0.146      0.146       0.146    0.146    14.9      0.146  
