# A tibble: 387 × 10
# Groups:   k, totbits, bin [288]
        k totbits   bin     n         Dash1       FSS1         SS1       FSS8    Mash        SS8
    <int>   <dbl> <dbl> <int>         <dbl>      <dbl>       <dbl>      <dbl>   <dbl>      <dbl>
  1    21   16384  0     1585   27.3          19.8       14.2        NA        NA       NA      
  2    21   16384  0.05  1712   14.3           5.01       3.66       NA        NA       NA      
  3    21   16384  0.1   1974   11.7           7.38      -1.28       NA        NA       NA      
  4    21   16384  0.15  2040   14.3           1.10       0.789      NA        NA       NA      
  5    21   16384  0.2   2169   -3.11         -2.83       5.65       NA        NA       NA      
  6    21   16384  0.25  2597   -7.12          9.46      12.8        NA        NA       NA      
  7    21   16384  0.3   2474   -1.16         -7.77       0.599      NA        NA       NA      
  8    21   16384  0.35  2840   21.5          12.0        2.78       NA        NA       NA      
  9    21   16384  0.4   2872    6.86         12.7       -3.29       NA        NA       NA      
 10    21   16384  0.45  2810   14.1          19.8       -6.87       NA        NA       NA      
 11    21   16384  0.5   2460   35.0          20.7      -11.1        NA        NA       NA      
 12    21   16384  0.55  3340   22.3          26.7       30.1        NA        NA       NA      
 13    21   16384  0.6   2630   22.1          25.7       25.6        NA        NA       NA      
 14    21   16384  0.65  2949   14.8          43.2       48.7        NA        NA       NA      
 15    21   16384  0.7   3275   41.6          57.9       50.8        NA        NA       NA      
 16    21   16384  0.75  2934   51.6          63.8       59.3        NA        NA       NA      
 17    21   16384  0.8   3701   80.1          91.8       83.8        NA        NA       NA      
 18    21   16384  0.85  2972   85.8          90.7       79.1        NA        NA       NA      
 19    21   16384  0.9   2196   50.1          50.4       51.3        NA        NA       NA      
 20    21   16384  0.95  1720   40.7          39.1       40.2        NA        NA       NA      
 21    21   32768  0     1564   22.4          15.7       11.8        NA        NA       NA      
 22    21   32768  0     1826   NA            NA         NA          61.4      50.2     56.8    
 23    21   32768  0.05  1717   15.8           6.73       6.57       NA        NA       NA      
 24    21   32768  0.05  1777   NA            NA         NA          27.1      26.4     33.5    
 25    21   32768  0.1   1982   18.7           9.90       2.46       NA        NA       NA      
 26    21   32768  0.1   1997   NA            NA         NA          16.6      10.5     13.7    
 27    21   32768  0.15  2044   26.5           7.30       5.15       NA        NA       NA      
 28    21   32768  0.15  2012   NA            NA         NA          15.1       9.52    -5.22   
 29    21   32768  0.2   2173    5.01         10.8        9.14       NA        NA       NA      
 30    21   32768  0.2   2059   NA            NA         NA          -8.70    -18.9     -0.772  
 31    21   32768  0.25  2603   -5.13         11.6       15.2        NA        NA       NA      
 32    21   32768  0.25  2495   NA            NA         NA          24.6      -5.08    17.5    
 33    21   32768  0.3   2472    7.81          5.03       7.85       NA        NA       NA      
 34    21   32768  0.3   2410   NA            NA         NA          25.7      -5.55    16.1    
 35    21   32768  0.35  2838   22.2          26.6       20.5        NA        NA       NA      
 36    21   32768  0.35  2817   NA            NA         NA          30.5       7.81    17.0    
 37    21   32768  0.4   2872   25.2          30.0       10.9        NA        NA       NA      
 38    21   32768  0.4   2870   NA            NA         NA          18.8      -9.14     6.54   
 39    21   32768  0.45  2809   15.7          39.7       15.4        NA        NA       NA      
 40    21   32768  0.45  2810   NA            NA         NA          -0.983     1.93   -17.6    
 41    21   32768  0.5   2460   27.9          36.7       11.3        11.9      -0.473  -15.1    
 42    21   32768  0.55  3340   37.4          44.2       33.8        NA        NA       NA      
 43    21   32768  0.55  3341   NA            NA         NA          -5.67     43.2     11.7    
 44    21   32768  0.6   2630   31.7          34.5       24.8        15.7       5.89    22.6    
 45    21   32768  0.65  2949   35.7          49.1       44.8        19.1      56.0     36.2    
 46    21   32768  0.7   3274   47.9          62.0       55.8        47.3      62.2     45.2    
 47    21   32768  0.75  2934   50.0          61.6       61.4        55.7      54.6     49.6    
 48    21   32768  0.8   3701   82.3          90.2       88.0        91.0      76.2     80.3    
 49    21   32768  0.85  2972   86.4          87.0       80.2        84.3      65.4     86.0    
 50    21   32768  0.9   2196   40.4          47.1       44.6        49.2      51.1     43.3    
 51    21   32768  0.95  1720   35.3          37.5       37.3        41.7      40.9     34.4    
 52    21   65536  0     1547   14.4          10.7        8.92       NA        NA       NA      
 53    21   65536  0     1616   NA            NA         NA          24.4      15.6     20.5    
 54    21   65536  0.05  1714    9.76          6.08       3.80       NA        NA       NA      
 55    21   65536  0.05  1709   NA            NA         NA           9.49      5.93     8.82   
 56    21   65536  0.1   1981   12.4           8.58       3.98       NA        NA       NA      
 57    21   65536  0.1   1986   NA            NA         NA           7.15      6.27     4.61   
 58    21   65536  0.15  2048   19.0           8.83       9.58       NA        NA       NA      
 59    21   65536  0.15  2042   NA            NA         NA           0.669     4.03    -4.24   
 60    21   65536  0.2   2174   -2.93          9.24      10.0        NA        NA       NA      
 61    21   65536  0.2   2150   NA            NA         NA         -10.9     -15.8     14.6    
 62    21   65536  0.25  2609    1.07         11.4       16.2        NA        NA       NA      
 63    21   65536  0.25  2581   NA            NA         NA          16.2      11.5     15.6    
 64    21   65536  0.3   2478   15.6           9.72       7.34       NA        NA       NA      
 65    21   65536  0.3   2469   NA            NA         NA           7.14     34.6    -10.4    
 66    21   65536  0.35  2842   24.6          19.1       15.1        NA        NA       NA      
 67    21   65536  0.35  2839   NA            NA         NA          21.8      44.2      3.59   
 68    21   65536  0.4   2872   23.4          21.0       23.2        15.7      43.3     -2.52   
 69    21   65536  0.45  2809   29.1          28.3       31.0        18.2      49.8    -18.6    
 70    21   65536  0.5   2460   32.5          34.8       21.9        24.1      44.9    -11.1    
 71    21   65536  0.55  3340   30.8          43.2       35.8        26.7      59.1     39.4    
 72    21   65536  0.6   2630   31.6          33.5       31.4        38.3      26.5     41.2    
 73    21   65536  0.65  2949   40.6          40.1       43.7        37.4      62.5     60.0    
 74    21   65536  0.7   3274   56.3          57.6       54.2        58.1      65.9     54.4    
 75    21   65536  0.75  2934   56.2          62.3       59.4        65.6      53.0     61.5    
 76    21   65536  0.8   3701   82.5          88.1       83.4        NA        NA       NA      
 77    21   65536  0.8   3702   NA            NA         NA          93.6      84.4     89.3    
 78    21   65536  0.85  2972   89.3          81.4       79.3        85.3      84.0     85.6    
 79    21   65536  0.9   2196   46.5          45.1       47.0        47.2      51.4     52.3    
 80    21   65536  0.95  1720   37.8          37.9       37.6        38.2      39.9     40.3    
 81    21  131072  0     1538   11.5           9.66       8.68       NA        NA       NA      
 82    21  131072  0     1585   NA            NA         NA          19.5      18.3     14.3    
 83    21  131072  0.05  1702    4.30          3.33       1.50       NA        NA       NA      
 84    21  131072  0.05  1712   NA            NA         NA           4.92      5.72     4.20   
 85    21  131072  0.1   1982    5.99          4.62       4.86       NA        NA       NA      
 86    21  131072  0.1   1974   NA            NA         NA           6.50      6.64    -0.530  
 87    21  131072  0.15  2050   11.1           8.66       7.92       NA        NA       NA      
 88    21  131072  0.15  2040   NA            NA         NA           3.11     16.8      0.371  
 89    21  131072  0.2   2180    2.40          6.91       9.26       NA        NA       NA      
 90    21  131072  0.2   2169   NA            NA         NA          -1.03     -8.73     6.00   
 91    21  131072  0.25  2624    3.47         13.0       14.3        NA        NA       NA      
 92    21  131072  0.25  2597   NA            NA         NA          10.7      21.5     13.9    
 93    21  131072  0.3   2474   10.2           7.93      13.8        -7.14     57.9      2.26   
 94    21  131072  0.35  2843   15.0          13.1       22.0        NA        NA       NA      
 95    21  131072  0.35  2840   NA            NA         NA          12.0      77.2      6.05   
 96    21  131072  0.4   2872   13.2          22.4       28.1        13.0      79.8      1.24   
 97    21  131072  0.45  2809   24.8          28.9       35.6        NA        NA       NA      
 98    21  131072  0.45  2810   NA            NA         NA          20.2      86.6     -3.55   
 99    21  131072  0.5   2460   29.0          27.1       27.9        22.5      63.2     -9.23   
100    21  131072  0.55  3340   36.2          39.8       38.4        28.7      65.9     31.0    
101    21  131072  0.6   2630   34.9          29.4       33.1        27.9      51.1     25.7    
102    21  131072  0.65  2949   37.8          39.6       42.2        43.9      53.8     47.7    
103    21  131072  0.7   3274   55.0          58.9       53.5        NA        NA       NA      
104    21  131072  0.7   3275   NA            NA         NA          57.9      68.4     51.6    
105    21  131072  0.75  2934   59.9          64.7       58.0        63.8      66.2     60.6    
106    21  131072  0.8   3701   85.6          91.2       78.9        91.9      89.2     84.9    
107    21  131072  0.85  2972   86.4          85.8       81.7        91.1      89.3     79.1    
108    21  131072  0.9   2196   43.9          46.6       46.8        50.9      58.3     51.2    
109    21  131072  0.95  1720   36.4          37.9       37.7        39.2      42.2     40.4    
110    21  262144  0     1520    6.11          5.49       4.70       NA        NA       NA      
111    21  262144  0     1564   NA            NA         NA          14.5      14.5     11.6    
112    21  262144  0.05  1710    5.62          4.56       3.64       NA        NA       NA      
113    21  262144  0.05  1717   NA            NA         NA           6.57      7.30     6.54   
114    21  262144  0.1   1977    5.91          4.23       3.98       NA        NA       NA      
115    21  262144  0.1   1982   NA            NA         NA           9.22      5.86     2.83   
116    21  262144  0.15  2052   11.2           8.44       6.90       NA        NA       NA      
117    21  262144  0.15  2044   NA            NA         NA           7.81      8.34     5.37   
118    21  262144  0.2   2184    2.88          7.63       9.57       NA        NA       NA      
119    21  262144  0.2   2173   NA            NA         NA          10.7      -0.416    8.00   
120    21  262144  0.25  2628   10.1          15.1       12.3        NA        NA       NA      
121    21  262144  0.25  2603   NA            NA         NA          12.6      28.0     15.9    
122    21  262144  0.3   2477   16.1          10.0       12.5        NA        NA       NA      
123    21  262144  0.3   2472   NA            NA         NA           8.03     46.1     10.3    
124    21  262144  0.35  2843   25.0          16.5       19.5        NA        NA       NA      
125    21  262144  0.35  2838   NA            NA         NA          28.9      71.3     22.0    
126    21  262144  0.4   2872   26.8          26.1       22.1        31.5      63.4     13.5    
127    21  262144  0.45  2810   34.6          32.0       28.0        NA        NA       NA      
128    21  262144  0.45  2809   NA            NA         NA          40.5      70.1     17.8    
129    21  262144  0.5   2460   31.0          25.7       26.8        36.6      53.2     11.3    
130    21  262144  0.55  3340   42.8          41.5       37.5        44.1      47.5     34.1    
131    21  262144  0.6   2630   37.7          32.0       30.3        35.8      34.6     24.8    
132    21  262144  0.65  2949   42.6          43.7       38.1        48.1      42.5     44.9    
133    21  262144  0.7   3274   57.9          60.6       52.9        61.5      60.6     56.8    
134    21  262144  0.75  2934   59.9          64.8       59.9        61.9      64.7     61.2    
135    21  262144  0.8   3701   86.4          91.1       83.2        89.1      89.4     88.3    
136    21  262144  0.85  2972   87.6          86.6       83.3        86.2      87.0     80.9    
137    21  262144  0.9   2196   45.9          48.2       48.0        47.2      54.0     44.4    
138    21  262144  0.95  1720   36.6          38.3       37.6        37.7      40.6     37.3    
139    21  524288  0     1514    4.34          4.82       4.57       NA        NA       NA      
140    21  524288  0     1547   NA            NA         NA          10.7      10.6      8.69   
141    21  524288  0.05  1703    3.42          2.41       1.90       NA        NA       NA      
142    21  524288  0.05  1714   NA            NA         NA           5.74      5.41     3.86   
143    21  524288  0.1   1979    5.90          5.51       4.84       NA        NA       NA      
144    21  524288  0.1   1981   NA            NA         NA           7.67      4.52     4.34   
145    21  524288  0.15  2053    9.81          8.99       7.77       NA        NA       NA      
146    21  524288  0.15  2048   NA            NA         NA           9.72      8.83     9.36   
147    21  524288  0.2   2189    5.37          6.68       7.44       NA        NA       NA      
148    21  524288  0.2   2174   NA            NA         NA           8.97      4.89     9.19   
149    21  524288  0.25  2632   15.0          15.1       11.9        NA        NA       NA      
150    21  524288  0.25  2609   NA            NA         NA          11.5      20.8     16.5    
151    21  524288  0.3   2481   13.2          12.3       12.9        NA        NA       NA      
152    21  524288  0.3   2478   NA            NA         NA           9.60     24.8      8.76   
153    21  524288  0.35  2842   20.8          19.8       22.2        20.2      47.4     18.0    
154    21  524288  0.4   2872   25.6          29.1       25.1        22.8      52.5     26.4    
155    21  524288  0.45  2809   31.6          32.1       29.6        30.7      58.4     34.5    
156    21  524288  0.5   2460   29.2          25.4       28.8        35.8      46.8     23.9    
157    21  524288  0.55  3340   41.4          38.8       39.2        44.1      48.6     36.6    
158    21  524288  0.6   2630   35.6          31.2       31.7        34.8      31.7     31.1    
159    21  524288  0.65  2949   41.5          43.0       40.7        40.0      40.1     43.7    
160    21  524288  0.7   3274   59.7          58.5       54.0        58.3      53.1     54.8    
161    21  524288  0.75  2934   63.5          63.8       59.6        62.9      61.3     59.8    
162    21  524288  0.8   3701   88.7          89.1       84.8        88.6      88.6     83.8    
163    21  524288  0.85  2971   88.7          86.0       85.1        NA        NA       NA      
164    21  524288  0.85  2972   NA            NA         NA          81.8      87.8     79.3    
165    21  524288  0.9   2197   46.8          48.7       47.2        NA        NA       NA      
166    21  524288  0.9   2196   NA            NA         NA          45.4      49.4     47.1    
167    21  524288  0.95  1720   37.6          38.7       37.7        38.1      38.9     37.6    
168    31   16384  0     2684   29.3          12.6       12.8        NA        NA       NA      
169    31   16384  0.05  2655   -5.75          4.11       2.19       NA        NA       NA      
170    31   16384  0.1   2595   -1.91          2.41      -8.34       NA        NA       NA      
171    31   16384  0.15  2470   18.3          19.7       -1.25       NA        NA       NA      
172    31   16384  0.2   2493   28.0          -3.65      -5.59       NA        NA       NA      
173    31   16384  0.25  2735    8.97          1.61       1.86       NA        NA       NA      
174    31   16384  0.3   2445   -4.24          4.04       3.14       NA        NA       NA      
175    31   16384  0.35  2839    5.19         17.2        5.09       NA        NA       NA      
176    31   16384  0.4   2351    4.59         24.5        8.62       NA        NA       NA      
177    31   16384  0.45  2699   16.1          42.4       16.7        NA        NA       NA      
178    31   16384  0.5   2665   37.8          30.3        7.72       NA        NA       NA      
179    31   16384  0.55  2442   19.1          16.2       12.7        NA        NA       NA      
180    31   16384  0.6   2811   15.7          21.1       29.7        NA        NA       NA      
181    31   16384  0.65  2691   35.5          37.5       42.4        NA        NA       NA      
182    31   16384  0.7   2592   34.9          43.1       37.0        NA        NA       NA      
183    31   16384  0.75  2917   48.1          64.0       37.9        NA        NA       NA      
184    31   16384  0.8   2501   53.5          53.1       49.7        NA        NA       NA      
185    31   16384  0.85  2777   78.9          56.1       66.8        NA        NA       NA      
186    31   16384  0.9   2118   36.1          24.5       33.1        NA        NA       NA      
187    31   16384  0.95  1770   26.3          25.2       26.7        NA        NA       NA      
188    31   32768  0     2663   21.9          12.0       11.4        NA        NA       NA      
189    31   32768  0     2899   NA            NA         NA          43.6      43.5     50.7    
190    31   32768  0.05  2658    0.804         7.71       1.89       NA        NA       NA      
191    31   32768  0.05  2668   NA            NA         NA           2.33     19.9     15.4    
192    31   32768  0.1   2592   -6.45          0.934     -4.84       NA        NA       NA      
193    31   32768  0.1   2567   NA            NA         NA          -0.0562   14.7     -5.71   
194    31   32768  0.15  2481    0.593        16.7       -0.403      NA        NA       NA      
195    31   32768  0.15  2406   NA            NA         NA           5.73     14.0     -7.51   
196    31   32768  0.2   2497   20.8           5.01      -1.26       NA        NA       NA      
197    31   32768  0.2   2411   NA            NA         NA          -9.31      4.35    -0.149  
198    31   32768  0.25  2741   12.2          13.8        4.70       NA        NA       NA      
199    31   32768  0.25  2686   NA            NA         NA           0.0406   18.8     19.0    
200    31   32768  0.3   2444    0.557        12.9        4.90       NA        NA       NA      
201    31   32768  0.3   2438   NA            NA         NA         -28.7      18.6     20.7    
202    31   32768  0.35  2839    6.44         24.4       12.6        NA        NA       NA      
203    31   32768  0.35  2838   NA            NA         NA           3.83     63.6     49.0    
204    31   32768  0.4   2352    0.733        25.6       17.2        NA        NA       NA      
205    31   32768  0.4   2351   NA            NA         NA          24.1      39.2     39.8    
206    31   32768  0.45  2699    5.37         28.3        6.98       48.2      26.1     37.9    
207    31   32768  0.5   2664   26.9          22.4       11.8        NA        NA       NA      
208    31   32768  0.5   2666   NA            NA         NA          37.2      16.7      8.89   
209    31   32768  0.55  2442   13.0          11.1       12.7        43.0      28.3     13.4    
210    31   32768  0.6   2811   13.9          19.8       27.5        40.5       9.11    28.6    
211    31   32768  0.65  2691   43.5          31.2       38.1        NA        NA       NA      
212    31   32768  0.65  2692   NA            NA         NA          35.7      23.7     48.8    
213    31   32768  0.7   2592   39.9          37.0       39.4        34.7      22.7     39.6    
214    31   32768  0.75  2917   54.2          55.1       46.2        72.9      39.5     29.7    
215    31   32768  0.8   2501   54.9          54.7       50.1        50.9      54.6     37.9    
216    31   32768  0.85  2777   74.6          63.9       60.5        43.0      72.8     49.0    
217    31   32768  0.9   2119   33.3          31.0       33.0         5.39     27.3     33.8    
218    31   32768  0.95  1770   24.7          27.1       26.0        16.6      21.4     30.8    
219    31   65536  0     2649   16.0           9.32       8.50       NA        NA       NA      
220    31   65536  0     2718   NA            NA         NA          18.9      20.4     21.7    
221    31   65536  0.05  2648    0.681         6.11       3.45       NA        NA       NA      
222    31   65536  0.05  2656   NA            NA         NA           1.37      9.31     7.14   
223    31   65536  0.1   2600   -5.14          3.46      -3.91       NA        NA       NA      
224    31   65536  0.1   2584   NA            NA         NA          -3.24      8.05   -12.8    
225    31   65536  0.15  2494   -8.66         10.9        0.134      NA        NA       NA      
226    31   65536  0.15  2459   NA            NA         NA           7.34      7.90    -0.114  
227    31   65536  0.2   2502   13.8           6.14       4.83       NA        NA       NA      
228    31   65536  0.2   2487   NA            NA         NA         -12.9      -1.59    -5.50   
229    31   65536  0.25  2740    5.58         12.2        9.39       NA        NA       NA      
230    31   65536  0.25  2726   NA            NA         NA         -15.0      -4.49     0.491  
231    31   65536  0.3   2445   -0.00451      13.9       10.2       -22.6      -1.89   -12.1    
232    31   65536  0.35  2839   -0.749        14.8       20.6        NA        NA       NA      
233    31   65536  0.35  2840   NA            NA         NA          -6.92     28.4     -1.64   
234    31   65536  0.4   2351    0.921        18.6       20.8        17.5      20.7      5.10   
235    31   65536  0.45  2699    9.79         18.6       16.8        NA        NA       NA      
236    31   65536  0.45  2701   NA            NA         NA          43.0       7.71    22.3    
237    31   65536  0.5   2664   32.9          20.5       25.8        26.5       6.70     5.35   
238    31   65536  0.55  2442   20.6          12.8       16.5        14.5      15.8      4.42   
239    31   65536  0.6   2811   19.3          16.7       26.5        29.2       3.13    24.0    
240    31   65536  0.65  2691   39.4          31.5       36.4        35.2      21.9     38.6    
241    31   65536  0.7   2592   33.8          35.1       37.0        38.5      11.1     39.0    
242    31   65536  0.75  2917   51.4          52.1       48.0        59.2      38.3     35.4    
243    31   65536  0.8   2501   55.9          53.5       52.7        49.9      55.7     42.4    
244    31   65536  0.85  2777   72.7          64.0       67.4        51.0      77.1     53.7    
245    31   65536  0.9   2118   32.4          31.6       36.1        18.8      42.0     34.6    
246    31   65536  0.95  1770   25.8          26.9       27.4        23.0      28.5     30.0    
247    31  131072  0     2617   10.1           4.41       4.28       NA        NA       NA      
248    31  131072  0     2684   NA            NA         NA          14.0      15.2     13.1    
249    31  131072  0.05  2655    3.41          3.70       3.72        5.26      8.56     1.75   
250    31  131072  0.1   2608    4.45          4.00      -1.41       NA        NA       NA      
251    31  131072  0.1   2595   NA            NA         NA           1.44      0.668   -7.85   
252    31  131072  0.15  2493    5.49          7.63      -0.434      NA        NA       NA      
253    31  131072  0.15  2470   NA            NA         NA          20.3       1.18    -1.31   
254    31  131072  0.2   2517    8.78          4.02       8.35       NA        NA       NA      
255    31  131072  0.2   2493   NA            NA         NA          -2.76     -8.38    -7.51   
256    31  131072  0.25  2742    3.72          7.82      13.1        NA        NA       NA      
257    31  131072  0.25  2735   NA            NA         NA           5.00    -24.3     -1.10   
258    31  131072  0.3   2445    3.88         11.8       14.0         6.22     -9.92    -0.784  
259    31  131072  0.35  2839    6.10         16.2       22.0        17.7      20.5      2.89   
260    31  131072  0.4   2351    8.71         16.4       22.9        24.0      17.1      7.43   
261    31  131072  0.45  2699   14.9          15.2       17.9        41.1      21.0     16.9    
262    31  131072  0.5   2664   29.8          18.6       22.2        NA        NA       NA      
263    31  131072  0.5   2665   NA            NA         NA          29.7      13.8      8.92   
264    31  131072  0.55  2442   17.9          15.3       11.7        14.5      20.7     14.2    
265    31  131072  0.6   2811   17.1          23.2       26.5        20.4      24.4     29.4    
266    31  131072  0.65  2691   34.8          35.0       36.9        37.6      38.7     42.7    
267    31  131072  0.7   2592   33.6          36.9       34.1        41.6      23.9     37.4    
268    31  131072  0.75  2917   46.7          54.6       48.9        61.8      28.6     37.1    
269    31  131072  0.8   2501   50.9          52.7       54.5        52.3      49.5     49.6    
270    31  131072  0.85  2777   66.5          60.6       69.3        55.9      68.8     66.3    
271    31  131072  0.9   2119   29.8          33.0       34.1        NA        NA       NA      
272    31  131072  0.9   2118   NA            NA         NA          24.2      39.9     32.4    
273    31  131072  0.95  1770   25.1          26.8       26.3        25.2      27.7     26.3    
274    31  262144  0     2617    7.32          4.47       4.60       NA        NA       NA      
275    31  262144  0     2663   NA            NA         NA          12.2      12.2     11.2    
276    31  262144  0.05  2650    2.57          1.65       2.58       NA        NA       NA      
277    31  262144  0.05  2658   NA            NA         NA           7.56      7.87     1.77   
278    31  262144  0.1   2610    4.61          6.50       0.871      NA        NA       NA      
279    31  262144  0.1   2592   NA            NA         NA           0.959     3.00    -4.78   
280    31  262144  0.15  2493    4.79          6.24       2.81       NA        NA       NA      
281    31  262144  0.15  2481   NA            NA         NA          16.3       6.21    -1.29   
282    31  262144  0.2   2519   12.7           5.05       8.47       NA        NA       NA      
283    31  262144  0.2   2497   NA            NA         NA           5.15     -2.87    -0.696  
284    31  262144  0.25  2743   12.8          10.7       12.5        NA        NA       NA      
285    31  262144  0.25  2741   NA            NA         NA          14.0      -9.07     5.93   
286    31  262144  0.3   2445   12.6          14.9       12.4        NA        NA       NA      
287    31  262144  0.3   2444   NA            NA         NA          12.9      -7.15     7.62   
288    31  262144  0.35  2839   13.2          21.3       16.7        21.0       1.37    13.6    
289    31  262144  0.4   2351   14.8          19.8       17.8        NA        NA       NA      
290    31  262144  0.4   2352   NA            NA         NA          22.0      -1.15    19.1    
291    31  262144  0.45  2699   19.1          18.9       19.2        26.5       7.08     9.68   
292    31  262144  0.5   2664   22.8          21.3       20.3        22.2       7.21    13.8    
293    31  262144  0.55  2442   14.7          18.2       13.9        11.2      15.7     13.7    
294    31  262144  0.6   2811   18.2          24.3       23.8        20.4      21.3     27.5    
295    31  262144  0.65  2691   34.5          34.9       35.4        31.5      30.5     37.5    
296    31  262144  0.7   2592   35.5          36.0       34.4        36.9      22.9     39.1    
297    31  262144  0.75  2917   49.4          51.4       45.6        55.7      29.8     45.4    
298    31  262144  0.8   2501   52.6          53.4       54.5        54.9      49.6     50.0    
299    31  262144  0.85  2777   67.3          64.0       69.3        64.4      70.3     61.0    
300    31  262144  0.9   2119   31.0          32.9       34.3        31.2      36.3     33.6    
301    31  262144  0.95  1770   25.4          26.2       26.4        27.2      27.6     26.1    
302    31  524288  0     2607    5.59          2.87       3.04       NA        NA       NA      
303    31  524288  0     2649   NA            NA         NA           9.63      9.90     8.59   
304    31  524288  0.05  2646    1.55          1.94       2.02       NA        NA       NA      
305    31  524288  0.05  2648   NA            NA         NA           5.69      2.14     3.14   
306    31  524288  0.1   2617    5.67          5.79       2.66       NA        NA       NA      
307    31  524288  0.1   2600   NA            NA         NA           3.02      1.07    -3.61   
308    31  524288  0.15  2499    5.69          4.67       3.71       NA        NA       NA      
309    31  524288  0.15  2494   NA            NA         NA           9.45      4.62    -0.0625 
310    31  524288  0.2   2519    7.39          6.88       7.42       NA        NA       NA      
311    31  524288  0.2   2502   NA            NA         NA           7.31     -3.82     4.74   
312    31  524288  0.25  2743    8.30         11.6        9.10       NA        NA       NA      
313    31  524288  0.25  2740   NA            NA         NA          13.2      -0.972   10.4    
314    31  524288  0.3   2446    7.12         15.0       10.8        NA        NA       NA      
315    31  524288  0.3   2445   NA            NA         NA          14.8       8.31    11.3    
316    31  524288  0.35  2839   16.2          21.2       16.3        13.5      11.4     21.6    
317    31  524288  0.4   2351   16.8          20.2       18.1        17.8      11.8     21.6    
318    31  524288  0.45  2699   18.0          19.8       21.7        17.8       8.99    18.7    
319    31  524288  0.5   2664   21.4          21.9       22.2        19.7      10.2     27.0    
320    31  524288  0.55  2442   12.3          17.2       15.3        11.8       9.84    17.0    
321    31  524288  0.6   2811   22.0          24.5       25.2        17.0      19.4     26.5    
322    31  524288  0.65  2691   35.2          35.0       36.5        31.5      28.9     36.2    
323    31  524288  0.7   2592   35.2          36.2       34.5        35.3      24.1     36.3    
324    31  524288  0.75  2917   50.8          49.1       46.1        52.5      36.6     47.0    
325    31  524288  0.8   2501   53.7          54.3       53.8        53.6      50.0     51.8    
326    31  524288  0.85  2777   67.8          66.3       68.6        63.5      68.4     66.8    
327    31  524288  0.9   2119   31.4          33.0       32.9        NA        NA       NA      
328    31  524288  0.9   2118   NA            NA         NA          31.7      32.5     36.1    
329    31  524288  0.95  1770   25.7          26.3       26.2        26.9      25.8     27.5    
330    71   16384  0    40417 1362.         1312.      1275.         NA        NA       NA      
331    71   16384  0.05  7598   10.1           0.987      2.95       NA        NA       NA      
332    71   16384  0.1   1973   -0.590         2.09      -0.877      NA        NA       NA      
333    71   16384  0.15  1132   10.8           0.485      1.18       NA        NA       NA      
334    71   16384  0.2    112    0.540         0.512      0.233      NA        NA       NA      
335    71   16384  0.25     1    0.0665        0.0123     0.00916    NA        NA       NA      
336    71   16384  0.3      2    0.0269        0.0192     0.000856   NA        NA       NA      
337    71   16384  0.95    15    0.146         0.145      0.146      NA        NA       NA      
338    71   32768  0    40417 1404.         1319.      1292.         NA        NA       NA      
339    71   32768  0    40418   NA            NA         NA        1330.       NA     1266.     
340    71   32768  0.05  7598   13.3           2.51       2.26       -3.86     NA        2.41   
341    71   32768  0.1   1973    2.68          2.85      -0.0474      1.58     NA        5.28   
342    71   32768  0.15  1132    6.95          1.58      -0.688      -6.25     NA        1.03   
343    71   32768  0.2    112    0.672         0.477      0.267      NA        NA       NA      
344    71   32768  0.2    111   NA            NA         NA           0.0647   NA        0.592  
345    71   32768  0.25     1    0.0422        0.0173     0.0174      0.0480   NA        0.0265 
346    71   32768  0.3      2   -0.00659       0.0149     0.00735     0.0492   NA        0.0628 
347    71   32768  0.95    15    0.145         0.146      0.146       0.146    NA        0.146  
348    71   65536  0    40417 1375.         1309.      1301.         NA        NA       NA      
349    71   65536  0    40416   NA            NA         NA        1327.       NA     1273.     
350    71   65536  0.05  7598   10.6           2.23       3.85        4.86     NA        2.51   
351    71   65536  0.1   1973    5.52          2.57      -0.344       5.01     NA        0.510  
352    71   65536  0.15  1133    6.18          2.35      -0.277      -4.38     NA        1.97   
353    71   65536  0.2    111    0.392         0.437      0.185      NA        NA       NA      
354    71   65536  0.2    112   NA            NA         NA           0.0960   NA        0.167  
355    71   65536  0.25     1    0.0212        0.0165     0.0211      0.0216   NA        0.0187 
356    71   65536  0.3      2    0.00000564    0.00806    0.00485     0.0248   NA        0.0208 
357    71   65536  0.95    15    0.145         0.146      0.146       0.145    NA        0.146  
358    71  131072  0    40416 1312.         1305.      1298.         NA        NA       NA      
359    71  131072  0    40417   NA            NA         NA        1306.       NA     1268.     
360    71  131072  0.05  7599    7.17          1.37       2.50       NA        NA       NA      
361    71  131072  0.05  7598   NA            NA         NA           0.210    NA        2.70   
362    71  131072  0.1   1973    5.28          2.21      -0.383       1.30     NA       -1.04   
363    71  131072  0.15  1132    5.67          1.56       1.79       -0.955    NA        1.18   
364    71  131072  0.2    112    0.381         0.454      0.317       0.402    NA        0.144  
365    71  131072  0.25     1    0.0173        0.0168     0.0190      0.0113   NA        0.0109 
366    71  131072  0.3      2    0.0169        0.0102     0.00540     0.0208   NA       -0.00112
367    71  131072  0.95    15    0.145         0.146      0.146       0.145    NA        0.146  
368    71  262144  0    40417 1288.         1300.      1293.       1313.       NA     1289.     
369    71  262144  0.05  7598    2.36          0.679      1.17        1.80     NA        1.63   
370    71  262144  0.1   1973    2.64          2.10      -0.140       2.15     NA       -0.122  
371    71  262144  0.15  1133    4.08          1.76       1.79       NA        NA       NA      
372    71  262144  0.15  1132   NA            NA         NA           1.06     NA       -0.192  
373    71  262144  0.2    111    0.413         0.473      0.227      NA        NA       NA      
374    71  262144  0.2    112   NA            NA         NA           0.420    NA        0.250  
375    71  262144  0.25     1    0.0238        0.0197     0.0176      0.0179   NA        0.0187 
376    71  262144  0.3      2    0.0211        0.0110     0.00541     0.0143   NA        0.00620
377    71  262144  0.95    15    0.146         0.146      0.146       0.146    NA        0.146  
378    71  524288  0    40416 1286.         1294.      1294.         NA        NA       NA      
379    71  524288  0    40417   NA            NA         NA        1309.       NA     1299.     
380    71  524288  0.05  7598    1.22         -0.416      0.612       1.59     NA        3.92   
381    71  524288  0.1   1973    1.74          0.790      0.208       2.64     NA       -0.335  
382    71  524288  0.15  1133    3.71          0.516      1.42        2.38     NA       -0.125  
383    71  524288  0.2    112    0.510         0.332      0.180      NA        NA       NA      
384    71  524288  0.2    111   NA            NA         NA           0.412    NA        0.158  
385    71  524288  0.25     1    0.0190        0.0194     0.0189      0.0172   NA        0.0204 
386    71  524288  0.3      2    0.0194        0.0109     0.00616     0.00828  NA        0.00376
387    71  524288  0.95    15    0.146         0.146      0.146       0.146    NA        0.146  
