# A tibble: 585 × 14
# Groups:   k, totbits, bin [288]
        k totbits   bin     n        BD1        BD2        BD4       Dash1       FSS1        SS1        BD8       FSS8    Mash        SS8
    <int>   <dbl> <dbl> <int>      <dbl>      <dbl>      <dbl>       <dbl>      <dbl>      <dbl>      <dbl>      <dbl>   <dbl>      <dbl>
  1    21   16384  0      159    3.45      NA         NA        3.22        3.13       3.21        NA       NA         NA      NA        
  2    21   16384  0      188   NA          3.89      NA       NA          NA         NA           NA       NA         NA      NA        
  3    21   16384  0      394   NA         NA         11.4     NA          NA         NA           NA       NA         NA      NA        
  4    21   16384  0.05  1471    1.05      NA         NA        1.36        0.916      0.937       NA       NA         NA      NA        
  5    21   16384  0.05  1470   NA          1.69      NA       NA          NA         NA           NA       NA         NA      NA        
  6    21   16384  0.05  1542   NA         NA          5.69    NA          NA         NA           NA       NA         NA      NA        
  7    21   16384  0.1   1971    0.216     NA         NA        0.669       0.223      0.167       NA       NA         NA      NA        
  8    21   16384  0.1   1983   NA          0.597     NA       NA          NA         NA           NA       NA         NA      NA        
  9    21   16384  0.1   1994   NA         NA          2.23    NA          NA         NA           NA       NA         NA      NA        
 10    21   16384  0.15  2040    0.411     NA         NA        0.621       0.328      0.235       NA       NA         NA      NA        
 11    21   16384  0.15  2042   NA          0.366     NA       NA          NA         NA           NA       NA         NA      NA        
 12    21   16384  0.15  2012   NA         NA          1.19    NA          NA         NA           NA       NA         NA      NA        
 13    21   16384  0.2   2169    0.273     NA         NA        0.678       0.160      0.289       NA       NA         NA      NA        
 14    21   16384  0.2   2150   NA          0.290     NA       NA          NA         NA           NA       NA         NA      NA        
 15    21   16384  0.2   2059   NA         NA          0.840   NA          NA         NA           NA       NA         NA      NA        
 16    21   16384  0.25  2597    0.479     NA         NA        1.04        0.357      0.309       NA       NA         NA      NA        
 17    21   16384  0.25  2581   NA          0.517     NA       NA          NA         NA           NA       NA         NA      NA        
 18    21   16384  0.25  2495   NA         NA          1.05    NA          NA         NA           NA       NA         NA      NA        
 19    21   16384  0.3   2474    0.334     NA         NA        0.719       0.343      0.114       NA       NA         NA      NA        
 20    21   16384  0.3   2469   NA          0.276     NA       NA          NA         NA           NA       NA         NA      NA        
 21    21   16384  0.3   2410   NA         NA          0.774   NA          NA         NA           NA       NA         NA      NA        
 22    21   16384  0.35  2840    0.508     NA         NA        0.788       0.406      0.167       NA       NA         NA      NA        
 23    21   16384  0.35  2839   NA          0.844     NA       NA          NA         NA           NA       NA         NA      NA        
 24    21   16384  0.35  2817   NA         NA          0.943   NA          NA         NA           NA       NA         NA      NA        
 25    21   16384  0.4   2872    0.542      1.09      NA        0.565       0.459      0.181       NA       NA         NA      NA        
 26    21   16384  0.4   2870   NA         NA          2.27    NA          NA         NA           NA       NA         NA      NA        
 27    21   16384  0.45  2810    0.616     NA          4.03     0.687       0.514      0.342       NA       NA         NA      NA        
 28    21   16384  0.45  2809   NA          1.19      NA       NA          NA         NA           NA       NA         NA      NA        
 29    21   16384  0.5   2460    0.707      1.17       5.71     1.03        0.435      0.454       NA       NA         NA      NA        
 30    21   16384  0.55  3340    1.12       2.22      NA        0.853       0.627      0.711       NA       NA         NA      NA        
 31    21   16384  0.55  3341   NA         NA          6.08    NA          NA         NA           NA       NA         NA      NA        
 32    21   16384  0.6   2630    1.02       1.34       3.75     0.947       0.752      0.719       NA       NA         NA      NA        
 33    21   16384  0.65  2949    1.09       1.63       2.42     1.29        1.39       1.28        NA       NA         NA      NA        
 34    21   16384  0.7   3275    1.77      NA         NA        1.76        1.98       1.53        NA       NA         NA      NA        
 35    21   16384  0.7   3274   NA          2.19       3.10    NA          NA         NA           NA       NA         NA      NA        
 36    21   16384  0.75  2934    2.14       2.72       3.34     1.71        2.35       1.96        NA       NA         NA      NA        
 37    21   16384  0.8   3701    3.23      NA          4.94     2.77        3.39       2.83        NA       NA         NA      NA        
 38    21   16384  0.8   3702   NA          4.05      NA       NA          NA         NA           NA       NA         NA      NA        
 39    21   16384  0.85  2972    3.81       4.14       4.94     3.74        4.22       3.33        NA       NA         NA      NA        
 40    21   16384  0.9   2196    1.55       1.52       1.85     1.37        1.44       1.39        NA       NA         NA      NA        
 41    21   16384  0.95  1720    0.961      0.940      1.05     1.02        0.954      1.01        NA       NA         NA      NA        
 42    21   32768  0      141    2.71      NA         NA        2.71        2.60       2.58        NA       NA         NA      NA        
 43    21   32768  0      159   NA          3.36      NA       NA          NA         NA           NA       NA         NA      NA        
 44    21   32768  0      188   NA         NA          3.88    NA          NA         NA           NA       NA         NA      NA        
 45    21   32768  0      394   NA         NA         NA       NA          NA         NA           11.4     11.2       10.9    11.0      
 46    21   32768  0.05  1473    1.21      NA         NA        1.34        1.13       1.11        NA       NA         NA      NA        
 47    21   32768  0.05  1471   NA          0.987     NA       NA          NA         NA           NA       NA         NA      NA        
 48    21   32768  0.05  1470   NA         NA          1.69    NA          NA         NA           NA       NA         NA      NA        
 49    21   32768  0.05  1542   NA         NA         NA       NA          NA         NA            5.69     5.61       5.52    5.55     
 50    21   32768  0.1   1979    0.404     NA         NA        0.657       0.411      0.355       NA       NA         NA      NA        
 51    21   32768  0.1   1971   NA          0.178     NA       NA          NA         NA           NA       NA         NA      NA        
 52    21   32768  0.1   1983   NA         NA          0.597   NA          NA         NA           NA       NA         NA      NA        
 53    21   32768  0.1   1994   NA         NA         NA       NA          NA         NA            2.23     2.23       2.10    2.20     
 54    21   32768  0.15  2044    0.338     NA         NA        0.737       0.198      0.159       NA       NA         NA      NA        
 55    21   32768  0.15  2040   NA          0.382     NA       NA          NA         NA           NA       NA         NA      NA        
 56    21   32768  0.15  2042   NA         NA          0.365   NA          NA         NA           NA       NA         NA      NA        
 57    21   32768  0.15  2012   NA         NA         NA       NA          NA         NA            1.19     1.03       1.22    1.08     
 58    21   32768  0.2   2173    0.248     NA         NA        0.504       0.185      0.200       NA       NA         NA      NA        
 59    21   32768  0.2   2169   NA          0.183     NA       NA          NA         NA           NA       NA         NA      NA        
 60    21   32768  0.2   2150   NA         NA          0.290   NA          NA         NA           NA       NA         NA      NA        
 61    21   32768  0.2   2059   NA         NA         NA       NA          NA         NA            0.840    0.509      0.925   0.441    
 62    21   32768  0.25  2603    0.306     NA         NA        0.641       0.295      0.217       NA       NA         NA      NA        
 63    21   32768  0.25  2597   NA          0.388     NA       NA          NA         NA           NA       NA         NA      NA        
 64    21   32768  0.25  2581   NA         NA          0.517   NA          NA         NA           NA       NA         NA      NA        
 65    21   32768  0.25  2495   NA         NA         NA       NA          NA         NA            1.05     1.20       0.680   1.13     
 66    21   32768  0.3   2472    0.176     NA         NA        0.258       0.266      0.0890      NA       NA         NA      NA        
 67    21   32768  0.3   2474   NA          0.217     NA       NA          NA         NA           NA       NA         NA      NA        
 68    21   32768  0.3   2469   NA         NA          0.276   NA          NA         NA           NA       NA         NA      NA        
 69    21   32768  0.3   2410   NA         NA         NA       NA          NA         NA            0.774    1.31       0.375   0.612    
 70    21   32768  0.35  2838    0.293     NA         NA        0.545       0.547      0.313       NA       NA         NA      NA        
 71    21   32768  0.35  2840   NA          0.398     NA       NA          NA         NA           NA       NA         NA      NA        
 72    21   32768  0.35  2839   NA         NA          0.839   NA          NA         NA           NA       NA         NA      NA        
 73    21   32768  0.35  2817   NA         NA         NA       NA          NA         NA            0.943    1.54       0.620   0.647    
 74    21   32768  0.4   2872    0.311      0.468      1.08     0.637       0.644      0.167       NA       NA         NA      NA        
 75    21   32768  0.4   2870   NA         NA         NA       NA          NA         NA            2.27     0.738      0.651   0.762    
 76    21   32768  0.45  2809    0.480     NA          1.17     0.434       0.768      0.263       NA       NA         NA      NA        
 77    21   32768  0.45  2810   NA          0.553     NA       NA          NA         NA            4.03     1.12       1.08    0.818    
 78    21   32768  0.5   2460    0.464      0.885      1.17     0.639       0.718      0.253        5.71     0.631      0.861   1.00     
 79    21   32768  0.55  3340    0.661      0.998      2.22     0.890       0.795      0.606       NA       NA         NA      NA        
 80    21   32768  0.55  3341   NA         NA         NA       NA          NA         NA            6.08     1.20       2.36    1.14     
 81    21   32768  0.6   2630    0.853      0.929      1.34     0.920       0.755      0.598        3.75     1.05       1.27    1.12     
 82    21   32768  0.65  2949    0.914      1.02       1.63     1.10        1.25       1.11         2.42     1.32       2.71    1.67     
 83    21   32768  0.7   3274    1.37      NA          2.19     1.40        1.64       1.41         3.10     2.28       2.65    2.18     
 84    21   32768  0.7   3275   NA          1.67      NA       NA          NA         NA           NA       NA         NA      NA        
 85    21   32768  0.75  2934    2.53       2.04       3.30     1.63        2.06       1.92         3.34     2.80       2.58    2.32     
 86    21   32768  0.8   3701    3.12       3.11      NA        2.79        3.16       2.83         4.94     3.96       2.97    3.47     
 87    21   32768  0.8   3702   NA         NA          4.05    NA          NA         NA           NA       NA         NA      NA        
 88    21   32768  0.85  2972    3.74       3.76       4.14     3.93        3.94       3.31         4.94     3.97       3.09    3.93     
 89    21   32768  0.9   2196    1.39       1.53       1.52     1.04        1.27       1.10         1.85     1.49       1.63    1.14     
 90    21   32768  0.95  1720    0.913      0.958      0.940    0.796       0.873      0.875        1.05     1.09       1.06    0.778    
 91    21   65536  0      121    1.80      NA         NA        1.75        1.76       1.76        NA       NA         NA      NA        
 92    21   65536  0      141   NA          2.64      NA       NA          NA         NA           NA       NA         NA      NA        
 93    21   65536  0      159   NA         NA          3.36    NA          NA         NA           NA       NA         NA      NA        
 94    21   65536  0      188   NA         NA         NA       NA          NA         NA            3.88     3.83       3.87    3.99     
 95    21   65536  0.05  1473    0.734      1.14      NA        0.791       0.704      0.691       NA       NA         NA      NA        
 96    21   65536  0.05  1471   NA         NA          0.987   NA          NA         NA           NA       NA         NA      NA        
 97    21   65536  0.05  1470   NA         NA         NA       NA          NA         NA            1.69     1.53       1.68    1.66     
 98    21   65536  0.1   1978    0.268     NA         NA        0.387       0.276      0.239       NA       NA         NA      NA        
 99    21   65536  0.1   1979   NA          0.362     NA       NA          NA         NA           NA       NA         NA      NA        
100    21   65536  0.1   1971   NA         NA          0.178   NA          NA         NA           NA       NA         NA      NA        
101    21   65536  0.1   1983   NA         NA         NA       NA          NA         NA            0.597    0.649      0.628   0.605    
102    21   65536  0.15  2048    0.311     NA         NA        0.448       0.220      0.186       NA       NA         NA      NA        
103    21   65536  0.15  2044   NA          0.260     NA       NA          NA         NA           NA       NA         NA      NA        
104    21   65536  0.15  2040   NA         NA          0.384   NA          NA         NA           NA       NA         NA      NA        
105    21   65536  0.15  2042   NA         NA         NA       NA          NA         NA            0.365    0.396      0.385   0.287    
106    21   65536  0.2   2174    0.211     NA         NA        0.181       0.116      0.118       NA       NA         NA      NA        
107    21   65536  0.2   2173   NA          0.160     NA       NA          NA         NA           NA       NA         NA      NA        
108    21   65536  0.2   2169   NA         NA          0.184   NA          NA         NA           NA       NA         NA      NA        
109    21   65536  0.2   2150   NA         NA         NA       NA          NA         NA            0.290    0.356      0.743   0.587    
110    21   65536  0.25  2609    0.249     NA         NA        0.307       0.214      0.176       NA       NA         NA      NA        
111    21   65536  0.25  2603   NA          0.236     NA       NA          NA         NA           NA       NA         NA      NA        
112    21   65536  0.25  2597   NA         NA          0.388   NA          NA         NA           NA       NA         NA      NA        
113    21   65536  0.25  2581   NA         NA         NA       NA          NA         NA            0.517    0.828      0.741   0.718    
114    21   65536  0.3   2478    0.185     NA         NA        0.220       0.187      0.0722      NA       NA         NA      NA        
115    21   65536  0.3   2472   NA          0.100     NA       NA          NA         NA           NA       NA         NA      NA        
116    21   65536  0.3   2474   NA         NA          0.216   NA          NA         NA           NA       NA         NA      NA        
117    21   65536  0.3   2469   NA         NA         NA       NA          NA         NA            0.276    0.478      0.648   0.248    
118    21   65536  0.35  2842    0.212     NA         NA        0.460       0.303      0.199       NA       NA         NA      NA        
119    21   65536  0.35  2838   NA          0.219     NA       NA          NA         NA           NA       NA         NA      NA        
120    21   65536  0.35  2840   NA         NA          0.397   NA          NA         NA           NA       NA         NA      NA        
121    21   65536  0.35  2839   NA         NA         NA       NA          NA         NA            0.839    0.758      1.20    0.304    
122    21   65536  0.4   2872    0.361      0.237      0.460    0.438       0.366      0.309        1.08     0.453      0.937   0.548    
123    21   65536  0.45  2809    0.481      0.408     NA        0.502       0.490      0.499        1.17     0.702      1.32    0.589    
124    21   65536  0.45  2810   NA         NA          0.548   NA          NA         NA           NA       NA         NA      NA        
125    21   65536  0.5   2460    0.490      0.394      0.626    0.618       0.657      0.320        1.17     0.654      1.11    0.683    
126    21   65536  0.55  3340    0.734      0.889      0.998    0.592       0.740      0.561        2.22     1.03       1.50    1.24     
127    21   65536  0.6   2630    0.778      0.773      0.929    0.728       0.710      0.693        1.34     1.18       0.869   1.32     
128    21   65536  0.65  2949    0.968      0.849      1.02     1.02        0.944      1.02         1.63     1.28       2.06    1.99     
129    21   65536  0.7   3274    1.42       1.27      NA        1.45        1.45       1.29         2.19     1.88       2.22    1.68     
130    21   65536  0.7   3275   NA         NA          1.67    NA          NA         NA           NA       NA         NA      NA        
131    21   65536  0.75  2934    1.91       1.88       2.04     1.78        2.08       1.79         2.72     2.79       1.93    2.25     
132    21   65536  0.8   3701    2.95       3.03       3.11     2.81        3.00       2.60        NA       NA         NA      NA        
133    21   65536  0.8   3702   NA         NA         NA       NA          NA         NA            4.05     4.03       3.49    3.70     
134    21   65536  0.85  2972    3.90       3.70       3.76     4.00        3.56       3.29         4.14     3.89       3.80    3.78     
135    21   65536  0.9   2196    1.28       1.37       1.53     1.21        1.18       1.21         1.52     1.31       1.47    1.47     
136    21   65536  0.95  1720    0.868      0.911      0.958    0.891       0.892      0.878        0.940    0.923      0.991   1.01     
137    21  131072  0      115    1.91      NA         NA        1.84        1.84       1.84        NA       NA         NA      NA        
138    21  131072  0      121   NA          1.75      NA       NA          NA         NA           NA       NA         NA      NA        
139    21  131072  0      141   NA         NA          2.64    NA          NA         NA           NA       NA         NA      NA        
140    21  131072  0      159   NA         NA         NA       NA          NA         NA            3.36     3.18       3.28    3.22     
141    21  131072  0.05  1458    0.246     NA         NA        0.248       0.209      0.205       NA       NA         NA      NA        
142    21  131072  0.05  1473   NA          0.680      1.14    NA          NA         NA           NA       NA         NA      NA        
143    21  131072  0.05  1471   NA         NA         NA       NA          NA         NA            0.987    0.915      1.02    0.934    
144    21  131072  0.1   1979    0.168     NA          0.362    0.210       0.146      0.143       NA       NA         NA      NA        
145    21  131072  0.1   1978   NA          0.228     NA       NA          NA         NA           NA       NA         NA      NA        
146    21  131072  0.1   1971   NA         NA         NA       NA          NA         NA            0.178    0.210      0.223   0.159    
147    21  131072  0.15  2050    0.156     NA         NA        0.237       0.102      0.0952      NA       NA         NA      NA        
148    21  131072  0.15  2048   NA          0.209     NA       NA          NA         NA           NA       NA         NA      NA        
149    21  131072  0.15  2044   NA         NA          0.259   NA          NA         NA           NA       NA         NA      NA        
150    21  131072  0.15  2040   NA         NA         NA       NA          NA         NA            0.384    0.342      0.401   0.233    
151    21  131072  0.2   2180    0.135     NA         NA        0.102       0.0699     0.0771      NA       NA         NA      NA        
152    21  131072  0.2   2174   NA          0.123     NA       NA          NA         NA           NA       NA         NA      NA        
153    21  131072  0.2   2173   NA         NA          0.160   NA          NA         NA           NA       NA         NA      NA        
154    21  131072  0.2   2169   NA         NA         NA       NA          NA         NA            0.184    0.150      0.261   0.276    
155    21  131072  0.25  2624    0.236     NA         NA        0.144       0.165      0.146       NA       NA         NA      NA        
156    21  131072  0.25  2609   NA          0.169     NA       NA          NA         NA           NA       NA         NA      NA        
157    21  131072  0.25  2603   NA         NA          0.235   NA          NA         NA           NA       NA         NA      NA        
158    21  131072  0.25  2597   NA         NA         NA       NA          NA         NA            0.388    0.373      0.632   0.323    
159    21  131072  0.3   2474    0.247     NA         NA        0.144       0.0664     0.115        0.216    0.323      1.48    0.0968   
160    21  131072  0.3   2478   NA          0.104     NA       NA          NA         NA           NA       NA         NA      NA        
161    21  131072  0.3   2472   NA         NA          0.0999  NA          NA         NA           NA       NA         NA      NA        
162    21  131072  0.35  2843    0.329     NA         NA        0.219       0.180      0.258       NA       NA         NA      NA        
163    21  131072  0.35  2842   NA          0.156     NA       NA          NA         NA           NA       NA         NA      NA        
164    21  131072  0.35  2838   NA         NA          0.218   NA          NA         NA           NA       NA         NA      NA        
165    21  131072  0.35  2840   NA         NA         NA       NA          NA         NA            0.397    0.413      2.31    0.168    
166    21  131072  0.4   2872    0.554      0.287      0.233    0.208       0.302      0.350        0.460    0.466      2.43    0.195    
167    21  131072  0.45  2809    0.755      0.402      0.406    0.375       0.414      0.577       NA       NA         NA      NA        
168    21  131072  0.45  2810   NA         NA         NA       NA          NA         NA            0.548    0.531      3.05    0.313    
169    21  131072  0.5   2460    0.685      0.411      0.394    0.481       0.419      0.422        0.626    0.467      1.95    0.436    
170    21  131072  0.55  3340    0.958      0.633      0.581    0.611       0.629      0.615        0.998    0.642      2.00    0.711    
171    21  131072  0.6   2630    0.928      0.700      0.773    0.766       0.582      0.700        0.929    0.786      1.47    0.701    
172    21  131072  0.65  2949    1.01       0.888      0.848    0.905       0.900      0.985        1.02     1.38       1.64    1.25     
173    21  131072  0.7   3274    1.49       1.32       1.27     1.31        1.47       1.27        NA       NA         NA      NA        
174    21  131072  0.7   3275   NA         NA         NA       NA          NA         NA            1.67     1.97       2.36    1.54     
175    21  131072  0.75  2934    1.96       1.83       1.88     1.78        2.07       1.73         2.04     2.37       2.25    2.01     
176    21  131072  0.8   3701    2.99       2.87       3.03     2.76        3.07       2.49         3.11     3.40       3.36    2.88     
177    21  131072  0.85  2972    4.09       3.87       3.69     3.72        3.75       3.46         3.76     4.24       4.22    3.32     
178    21  131072  0.9   2196    1.27       1.27       1.37     1.09        1.23       1.21         1.53     1.46       1.78    1.39     
179    21  131072  0.95  1720    0.857      0.866      0.911    0.830       0.890      0.882        0.958    0.955      1.09    1.01     
180    21  262144  0       98    0.910     NA         NA        0.873       0.876      0.871       NA       NA         NA      NA        
181    21  262144  0      115   NA          1.86      NA       NA          NA         NA           NA       NA         NA      NA        
182    21  262144  0      121   NA         NA          1.75    NA          NA         NA           NA       NA         NA      NA        
183    21  262144  0      141   NA         NA         NA       NA          NA         NA            2.64     2.61       2.64    2.59     
184    21  262144  0.05  1465    0.543     NA         NA        0.521       0.496      0.489       NA       NA         NA      NA        
185    21  262144  0.05  1458   NA          0.207     NA       NA          NA         NA           NA       NA         NA      NA        
186    21  262144  0.05  1473   NA         NA          0.679   NA          NA         NA            1.14     1.13       1.15    1.11     
187    21  262144  0.1   1974    0.0845    NA         NA        0.111       0.0574     0.0573      NA       NA         NA      NA        
188    21  262144  0.1   1979   NA          0.132     NA       NA          NA         NA            0.362    0.401      0.396   0.351    
189    21  262144  0.1   1978   NA         NA          0.228   NA          NA         NA           NA       NA         NA      NA        
190    21  262144  0.15  2052    0.158     NA         NA        0.175       0.111      0.0979      NA       NA         NA      NA        
191    21  262144  0.15  2050   NA          0.0852    NA       NA          NA         NA           NA       NA         NA      NA        
192    21  262144  0.15  2048   NA         NA          0.208   NA          NA         NA           NA       NA         NA      NA        
193    21  262144  0.15  2044   NA         NA         NA       NA          NA         NA            0.259    0.203      0.223   0.157    
194    21  262144  0.2   2184    0.103     NA         NA        0.0573      0.0535     0.0657      NA       NA         NA      NA        
195    21  262144  0.2   2180   NA          0.0653    NA       NA          NA         NA           NA       NA         NA      NA        
196    21  262144  0.2   2174   NA         NA          0.123   NA          NA         NA           NA       NA         NA      NA        
197    21  262144  0.2   2173   NA         NA         NA       NA          NA         NA            0.160    0.184      0.314   0.212    
198    21  262144  0.25  2628    0.230     NA         NA        0.166       0.163      0.124       NA       NA         NA      NA        
199    21  262144  0.25  2624   NA          0.142     NA       NA          NA         NA           NA       NA         NA      NA        
200    21  262144  0.25  2609   NA         NA          0.168   NA          NA         NA           NA       NA         NA      NA        
201    21  262144  0.25  2603   NA         NA         NA       NA          NA         NA            0.235    0.309      0.547   0.229    
202    21  262144  0.3   2477    0.199     NA         NA        0.155       0.0756     0.0910      NA       NA         NA      NA        
203    21  262144  0.3   2474   NA          0.145     NA       NA          NA         NA           NA       NA         NA      NA        
204    21  262144  0.3   2478   NA         NA          0.104   NA          NA         NA           NA       NA         NA      NA        
205    21  262144  0.3   2472   NA         NA         NA       NA          NA         NA            0.0999   0.318      0.955   0.108    
206    21  262144  0.35  2843    0.277      0.220     NA        0.319       0.193      0.212       NA       NA         NA      NA        
207    21  262144  0.35  2842   NA         NA          0.156   NA          NA         NA           NA       NA         NA      NA        
208    21  262144  0.35  2838   NA         NA         NA       NA          NA         NA            0.218    0.589      1.91    0.329    
209    21  262144  0.4   2872    0.431      0.424      0.283    0.381       0.326      0.237        0.233    0.668      1.57    0.185    
210    21  262144  0.45  2810    0.758     NA         NA        0.623       0.542      0.470       NA       NA         NA      NA        
211    21  262144  0.45  2809   NA          0.616      0.401   NA          NA         NA            0.406    0.780      1.93    0.283    
212    21  262144  0.5   2460    0.653      0.572      0.411    0.495       0.375      0.391        0.394    0.711      1.34    0.260    
213    21  262144  0.55  3340    0.669      0.822      0.961    0.689       0.651      0.575        0.888    0.789      1.02    0.604    
214    21  262144  0.6   2630    0.745      0.826      0.700    0.822       0.655      0.616        0.773    0.779      0.830   0.596    
215    21  262144  0.65  2949    0.967      0.921      0.888    0.994       1.02       0.876        0.848    1.21       1.18    1.12     
216    21  262144  0.7   3274    1.38       1.37       1.32     1.39        1.50       1.23         1.27     1.62       1.70    1.43     
217    21  262144  0.75  2934    1.92       1.87       1.83     1.78        2.04       1.79         1.88     2.07       2.08    1.90     
218    21  262144  0.8   3701    2.83       2.89       2.87     2.81        3.03       2.63         3.03     3.12       3.13    2.85     
219    21  262144  0.85  2972    3.83       4.04       3.87     3.86        3.79       3.53         3.69     3.89       3.97    3.33     
220    21  262144  0.9   2196    1.28       1.26       1.27     1.19        1.28       1.27         1.37     1.27       1.55    1.10     
221    21  262144  0.95  1720    0.879      0.855      0.866    0.835       0.907      0.879        0.911    0.882      1.01    0.872    
222    21  524288  0       91    1.32      NA         NA        1.30        1.30       1.28        NA       NA         NA      NA        
223    21  524288  0       98   NA          0.883     NA       NA          NA         NA           NA       NA         NA      NA        
224    21  524288  0      115   NA         NA          1.86    NA          NA         NA           NA       NA         NA      NA        
225    21  524288  0      121   NA         NA         NA       NA          NA         NA            1.75     1.76       1.75    1.75     
226    21  524288  0.05  1459    0.183     NA         NA        0.158       0.145      0.139       NA       NA         NA      NA        
227    21  524288  0.05  1465   NA          0.496     NA       NA          NA         NA           NA       NA         NA      NA        
228    21  524288  0.05  1458   NA         NA          0.207   NA          NA         NA           NA       NA         NA      NA        
229    21  524288  0.05  1473   NA         NA         NA       NA          NA         NA            0.679    0.693      0.689   0.690    
230    21  524288  0.1   1976    0.138     NA         NA        0.119       0.0987     0.0949      NA       NA         NA      NA        
231    21  524288  0.1   1974   NA          0.0488    NA       NA          NA         NA           NA       NA         NA      NA        
232    21  524288  0.1   1979   NA         NA          0.132   NA          NA         NA           NA       NA         NA      NA        
233    21  524288  0.1   1978   NA         NA         NA       NA          NA         NA            0.228    0.267      0.243   0.239    
234    21  524288  0.15  2053    0.139     NA         NA        0.115       0.0927     0.0735      NA       NA         NA      NA        
235    21  524288  0.15  2052   NA          0.0996    NA       NA          NA         NA           NA       NA         NA      NA        
236    21  524288  0.15  2050   NA         NA          0.0850  NA          NA         NA           NA       NA         NA      NA        
237    21  524288  0.15  2048   NA         NA         NA       NA          NA         NA            0.208    0.224      0.204   0.182    
238    21  524288  0.2   2189    0.0943    NA         NA        0.0422      0.0480     0.0504      NA       NA         NA      NA        
239    21  524288  0.2   2184   NA          0.0433    NA       NA          NA         NA           NA       NA         NA      NA        
240    21  524288  0.2   2180   NA         NA          0.0653  NA          NA         NA           NA       NA         NA      NA        
241    21  524288  0.2   2174   NA         NA         NA       NA          NA         NA            0.123    0.117      0.110   0.118    
242    21  524288  0.25  2632    0.255     NA         NA        0.161       0.152      0.122       NA       NA         NA      NA        
243    21  524288  0.25  2628   NA          0.134     NA       NA          NA         NA           NA       NA         NA      NA        
244    21  524288  0.25  2624   NA         NA          0.142   NA          NA         NA           NA       NA         NA      NA        
245    21  524288  0.25  2609   NA         NA         NA       NA          NA         NA            0.168    0.211      0.314   0.180    
246    21  524288  0.3   2481    0.269     NA         NA        0.0998      0.0927     0.0878      NA       NA         NA      NA        
247    21  524288  0.3   2477   NA          0.113     NA       NA          NA         NA           NA       NA         NA      NA        
248    21  524288  0.3   2474   NA         NA          0.145   NA          NA         NA           NA       NA         NA      NA        
249    21  524288  0.3   2478   NA         NA         NA       NA          NA         NA            0.104    0.188      0.311   0.0856   
250    21  524288  0.35  2842    0.361     NA         NA        0.229       0.229      0.247        0.156    0.321      0.895   0.236    
251    21  524288  0.35  2843   NA          0.185      0.219   NA          NA         NA           NA       NA         NA      NA        
252    21  524288  0.4   2872    0.519      0.319      0.422    0.314       0.368      0.279        0.283    0.403      1.14    0.362    
253    21  524288  0.45  2809    0.712     NA          0.614    0.457       0.465      0.439        0.401    0.533      1.36    0.571    
254    21  524288  0.45  2810   NA          0.623     NA       NA          NA         NA           NA       NA         NA      NA        
255    21  524288  0.5   2460    0.603      0.537      0.570    0.445       0.362      0.432        0.411    0.694      1.03    0.351    
256    21  524288  0.55  3340    0.695      0.547      0.819    0.648       0.578      0.580        0.633    0.782      0.961   0.577    
257    21  524288  0.6   2630    0.699      0.655      0.825    0.758       0.639      0.644        0.700    0.740      0.725   0.688    
258    21  524288  0.65  2949    1.03       0.880      0.919    0.974       0.993      0.920        0.888    0.943      1.02    1.02     
259    21  524288  0.7   3274    1.39       1.27       1.37     1.45        1.39       1.25         1.32     1.47       1.35    1.29     
260    21  524288  0.75  2934    1.87       1.83       1.87     1.91        1.94       1.75         1.83     2.10       1.87    1.80     
261    21  524288  0.8   3701    2.78       2.74       2.89     2.87        2.87       2.68         2.87     3.02       2.97    2.62     
262    21  524288  0.85  2971    3.79      NA         NA        3.90        3.71       3.64        NA       NA         NA      NA        
263    21  524288  0.85  2972   NA          3.77       4.03    NA          NA         NA            3.87     3.58       3.83    3.29     
264    21  524288  0.9   2197    1.63      NA         NA        1.63        1.70       1.63        NA       NA         NA      NA        
265    21  524288  0.9   2196   NA          1.27       1.26    NA          NA         NA            1.27     1.19       1.33    1.21     
266    21  524288  0.95  1720    0.872      0.874      0.855    0.875       0.927      0.880        0.866    0.901      0.934   0.879    
267    31   16384  0     1019    2.16      NA         NA        2.52        2.12       2.02        NA       NA         NA      NA        
268    31   16384  0     1053   NA          3.06      NA       NA          NA         NA           NA       NA         NA      NA        
269    31   16384  0     1234   NA         NA          6.34    NA          NA         NA           NA       NA         NA      NA        
270    31   16384  0.05  2650    0.610     NA         NA        1.08        0.480      0.458       NA       NA         NA      NA        
271    31   16384  0.05  2651   NA          0.722     NA       NA          NA         NA           NA       NA         NA      NA        
272    31   16384  0.05  2663   NA         NA          1.92    NA          NA         NA           NA       NA         NA      NA        
273    31   16384  0.1   2595    0.233     NA         NA        0.627       0.190      0.240       NA       NA         NA      NA        
274    31   16384  0.1   2584   NA          0.696     NA       NA          NA         NA           NA       NA         NA      NA        
275    31   16384  0.1   2567   NA         NA          1.38    NA          NA         NA           NA       NA         NA      NA        
276    31   16384  0.15  2470    0.196     NA         NA        0.925       0.352      0.186       NA       NA         NA      NA        
277    31   16384  0.15  2459   NA          0.391     NA       NA          NA         NA           NA       NA         NA      NA        
278    31   16384  0.15  2406   NA         NA          1.08    NA          NA         NA           NA       NA         NA      NA        
279    31   16384  0.2   2493    0.295     NA         NA        0.863       0.277      0.178       NA       NA         NA      NA        
280    31   16384  0.2   2487   NA          0.402     NA       NA          NA         NA           NA       NA         NA      NA        
281    31   16384  0.2   2411   NA         NA          1.18    NA          NA         NA           NA       NA         NA      NA        
282    31   16384  0.25  2735    0.319     NA         NA        0.561       0.172      0.122       NA       NA         NA      NA        
283    31   16384  0.25  2726   NA          0.595     NA       NA          NA         NA           NA       NA         NA      NA        
284    31   16384  0.25  2686   NA         NA          1.04    NA          NA         NA           NA       NA         NA      NA        
285    31   16384  0.3   2445    0.299      0.477     NA        0.641       0.280      0.186       NA       NA         NA      NA        
286    31   16384  0.3   2438   NA         NA          0.741   NA          NA         NA           NA       NA         NA      NA        
287    31   16384  0.35  2839    0.140     NA         NA        0.566       0.392      0.167       NA       NA         NA      NA        
288    31   16384  0.35  2840   NA          0.691     NA       NA          NA         NA           NA       NA         NA      NA        
289    31   16384  0.35  2838   NA         NA          1.22    NA          NA         NA           NA       NA         NA      NA        
290    31   16384  0.4   2351    0.159      0.356      1.13     0.650       0.846      0.208       NA       NA         NA      NA        
291    31   16384  0.45  2699    0.318     NA          1.61     0.579       1.03       0.398       NA       NA         NA      NA        
292    31   16384  0.45  2701   NA          0.750     NA       NA          NA         NA           NA       NA         NA      NA        
293    31   16384  0.5   2665    0.569     NA         NA        1.39        0.775      0.497       NA       NA         NA      NA        
294    31   16384  0.5   2664   NA          0.739     NA       NA          NA         NA           NA       NA         NA      NA        
295    31   16384  0.5   2666   NA         NA          1.64    NA          NA         NA           NA       NA         NA      NA        
296    31   16384  0.55  2442    0.250      0.437      1.36     0.676       0.306      0.279       NA       NA         NA      NA        
297    31   16384  0.6   2811    0.616      0.909      1.39     1.10        0.723      0.844       NA       NA         NA      NA        
298    31   16384  0.65  2691    0.739      0.943     NA        1.35        1.06       1.29        NA       NA         NA      NA        
299    31   16384  0.65  2692   NA         NA          1.21    NA          NA         NA           NA       NA         NA      NA        
300    31   16384  0.7   2592    0.887      1.10       1.25     1.35        1.13       0.929       NA       NA         NA      NA        
301    31   16384  0.75  2917    1.05       1.40       1.81     1.85        2.03       1.10        NA       NA         NA      NA        
302    31   16384  0.8   2501    2.25       1.47       1.85     2.06        1.57       1.49        NA       NA         NA      NA        
303    31   16384  0.85  2777    3.03       2.80       3.41     3.52        2.19       2.71        NA       NA         NA      NA        
304    31   16384  0.9   2118    0.743      0.712     NA        0.916       0.527      0.710       NA       NA         NA      NA        
305    31   16384  0.9   2119   NA         NA          0.978   NA          NA         NA           NA       NA         NA      NA        
306    31   16384  0.95  1770    0.408      0.398      0.537    0.505       0.464      0.474       NA       NA         NA      NA        
307    31   32768  0      998    1.94      NA         NA        1.94        1.83       1.77        NA       NA         NA      NA        
308    31   32768  0     1019   NA          2.04      NA       NA          NA         NA           NA       NA         NA      NA        
309    31   32768  0     1053   NA         NA          3.06    NA          NA         NA           NA       NA         NA      NA        
310    31   32768  0     1234   NA         NA         NA       NA          NA         NA            6.34     6.86       7.44    6.99     
311    31   32768  0.05  2653    0.483     NA         NA        0.656       0.400      0.380       NA       NA         NA      NA        
312    31   32768  0.05  2650   NA          0.512     NA       NA          NA         NA           NA       NA         NA      NA        
313    31   32768  0.05  2651   NA         NA          0.722   NA          NA         NA           NA       NA         NA      NA        
314    31   32768  0.05  2663   NA         NA         NA       NA          NA         NA            1.92     1.97       2.12    1.88     
315    31   32768  0.1   2592    0.188     NA         NA        0.364       0.113      0.119       NA       NA         NA      NA        
316    31   32768  0.1   2595   NA          0.276     NA       NA          NA         NA           NA       NA         NA      NA        
317    31   32768  0.1   2584   NA         NA          0.696   NA          NA         NA           NA       NA         NA      NA        
318    31   32768  0.1   2567   NA         NA         NA       NA          NA         NA            1.38     0.892      1.50    1.19     
319    31   32768  0.15  2481    0.151     NA         NA        0.286       0.241      0.106       NA       NA         NA      NA        
320    31   32768  0.15  2470   NA          0.158     NA       NA          NA         NA           NA       NA         NA      NA        
321    31   32768  0.15  2459   NA         NA          0.391   NA          NA         NA           NA       NA         NA      NA        
322    31   32768  0.15  2406   NA         NA         NA       NA          NA         NA            1.08     0.551      1.16    0.629    
323    31   32768  0.2   2497    0.197     NA         NA        0.502       0.181      0.102       NA       NA         NA      NA        
324    31   32768  0.2   2493   NA          0.209     NA       NA          NA         NA           NA       NA         NA      NA        
325    31   32768  0.2   2487   NA         NA          0.402   NA          NA         NA           NA       NA         NA      NA        
326    31   32768  0.2   2411   NA         NA         NA       NA          NA         NA            1.18     0.972      0.430   0.737    
327    31   32768  0.25  2741    0.141     NA         NA        0.409       0.201      0.0815      NA       NA         NA      NA        
328    31   32768  0.25  2735   NA          0.244     NA       NA          NA         NA           NA       NA         NA      NA        
329    31   32768  0.25  2726   NA         NA          0.595   NA          NA         NA           NA       NA         NA      NA        
330    31   32768  0.25  2686   NA         NA         NA       NA          NA         NA            1.04     1.18       0.737   0.627    
331    31   32768  0.3   2444    0.162     NA         NA        0.252       0.269      0.137       NA       NA         NA      NA        
332    31   32768  0.3   2445   NA          0.229      0.477   NA          NA         NA           NA       NA         NA      NA        
333    31   32768  0.3   2438   NA         NA         NA       NA          NA         NA            0.741    1.46       0.696   0.627    
334    31   32768  0.35  2839    0.0994     0.160     NA        0.266       0.393      0.167       NA       NA         NA      NA        
335    31   32768  0.35  2840   NA         NA          0.691   NA          NA         NA           NA       NA         NA      NA        
336    31   32768  0.35  2838   NA         NA         NA       NA          NA         NA            1.22     1.01       1.92    1.54     
337    31   32768  0.4   2352    0.208     NA         NA        0.395       0.519      0.328       NA       NA         NA      NA        
338    31   32768  0.4   2351   NA          0.153      0.356   NA          NA         NA            1.32     1.97       1.15    1.17     
339    31   32768  0.45  2699    0.197      0.286     NA        0.318       0.466      0.166        1.61     2.10       1.17    1.48     
340    31   32768  0.45  2701   NA         NA          0.750   NA          NA         NA           NA       NA         NA      NA        
341    31   32768  0.5   2664    0.211     NA          0.739    0.577       0.359      0.212       NA       NA         NA      NA        
342    31   32768  0.5   2665   NA          0.505     NA       NA          NA         NA           NA       NA         NA      NA        
343    31   32768  0.5   2666   NA         NA         NA       NA          NA         NA            1.64     1.94       1.68    1.09     
344    31   32768  0.55  2442    0.179      0.230      0.437    0.331       0.177      0.182        1.36     1.48       1.28    0.938    
345    31   32768  0.6   2811    0.601      0.568      0.909    0.689       0.556      0.647        1.39     1.57       1.38    1.39     
346    31   32768  0.65  2691    0.719      0.690      0.943    1.20        0.756      1.11        NA       NA         NA      NA        
347    31   32768  0.65  2692   NA         NA         NA       NA          NA         NA            1.21     1.87       1.61    2.44     
348    31   32768  0.7   2592    0.804      0.811      1.10     1.03        0.840      0.924        1.25     1.72       1.48    1.88     
349    31   32768  0.75  2917    1.14       1.56       1.40     1.58        1.65       1.23         1.81     3.20       2.32    1.33     
350    31   32768  0.8   2501    2.16       1.51       1.47     1.83        1.60       1.44         1.85     2.08       2.21    1.38     
351    31   32768  0.85  2777    2.75       2.99       2.80     3.18        2.45       2.42         3.41     2.58       3.16    2.20     
352    31   32768  0.9   2119    0.588     NA         NA        0.774       0.667      0.683        0.978    0.411      0.660   0.858    
353    31   32768  0.9   2118   NA          0.734      0.712   NA          NA         NA           NA       NA         NA      NA        
354    31   32768  0.95  1770    0.410      0.406      0.398    0.426       0.488      0.448        0.537    0.392      0.382   0.637    
355    31   65536  0      984    1.50      NA         NA        1.44        1.41       1.38        NA       NA         NA      NA        
356    31   65536  0      998   NA          1.85      NA       NA          NA         NA           NA       NA         NA      NA        
357    31   65536  0     1019   NA         NA          2.04    NA          NA         NA           NA       NA         NA      NA        
358    31   65536  0     1053   NA         NA         NA       NA          NA         NA            3.06     3.06       3.34    3.02     
359    31   65536  0.05  2643    0.350     NA         NA        0.395       0.283      0.275       NA       NA         NA      NA        
360    31   65536  0.05  2653   NA          0.393     NA       NA          NA         NA           NA       NA         NA      NA        
361    31   65536  0.05  2650   NA         NA          0.512   NA          NA         NA           NA       NA         NA      NA        
362    31   65536  0.05  2651   NA         NA         NA       NA          NA         NA            0.722    0.548      0.556   0.564    
363    31   65536  0.1   2600    0.181     NA         NA        0.323       0.0856     0.0885      NA       NA         NA      NA        
364    31   65536  0.1   2592   NA          0.118     NA       NA          NA         NA           NA       NA         NA      NA        
365    31   65536  0.1   2595   NA         NA          0.276   NA          NA         NA           NA       NA         NA      NA        
366    31   65536  0.1   2584   NA         NA         NA       NA          NA         NA            0.696    0.340      0.655   0.388    
367    31   65536  0.15  2494    0.111     NA         NA        0.234       0.0983     0.0689      NA       NA         NA      NA        
368    31   65536  0.15  2481   NA          0.0798    NA       NA          NA         NA           NA       NA         NA      NA        
369    31   65536  0.15  2470   NA         NA          0.158   NA          NA         NA           NA       NA         NA      NA        
370    31   65536  0.15  2459   NA         NA         NA       NA          NA         NA            0.391    0.297      0.296   0.270    
371    31   65536  0.2   2502    0.125     NA         NA        0.266       0.0828     0.0842      NA       NA         NA      NA        
372    31   65536  0.2   2497   NA          0.127     NA       NA          NA         NA           NA       NA         NA      NA        
373    31   65536  0.2   2493   NA         NA          0.208   NA          NA         NA           NA       NA         NA      NA        
374    31   65536  0.2   2487   NA         NA         NA       NA          NA         NA            0.402    0.649      0.377   0.406    
375    31   65536  0.25  2740    0.110     NA         NA        0.154       0.139      0.0920      NA       NA         NA      NA        
376    31   65536  0.25  2741   NA          0.107     NA       NA          NA         NA           NA       NA         NA      NA        
377    31   65536  0.25  2735   NA         NA          0.245   NA          NA         NA           NA       NA         NA      NA        
378    31   65536  0.25  2726   NA         NA         NA       NA          NA         NA            0.595    0.543      0.237   0.283    
379    31   65536  0.3   2445    0.570     NA          0.229    0.584       0.635      0.492        0.477    0.953      0.279   0.420    
380    31   65536  0.3   2444   NA          0.126     NA       NA          NA         NA           NA       NA         NA      NA        
381    31   65536  0.35  2839    0.169      0.114      0.160    0.131       0.238      0.206       NA       NA         NA      NA        
382    31   65536  0.35  2840   NA         NA         NA       NA          NA         NA            0.691    0.836      1.22    0.618    
383    31   65536  0.4   2351    0.263     NA          0.153    0.252       0.246      0.305        0.356    1.07       0.484   0.354    
384    31   65536  0.4   2352   NA          0.202     NA       NA          NA         NA           NA       NA         NA      NA        
385    31   65536  0.45  2699    0.214      0.206      0.519    0.219       0.240      0.215       NA       NA         NA      NA        
386    31   65536  0.45  2701   NA         NA         NA       NA          NA         NA            0.750    1.41       0.695   0.866    
387    31   65536  0.5   2664    0.307      0.180     NA        0.652       0.295      0.411        0.739    0.731      0.760   0.554    
388    31   65536  0.5   2665   NA         NA          0.505   NA          NA         NA           NA       NA         NA      NA        
389    31   65536  0.55  2442    0.169      0.152      0.230    0.360       0.171      0.206        0.437    0.401      0.508   0.432    
390    31   65536  0.6   2811    0.651      0.537      0.568    0.695       0.512      0.595        0.909    0.966      0.855   0.969    
391    31   65536  0.65  2691    0.808      0.655      0.690    0.989       0.670      0.864        0.943    1.19       1.14    1.50     
392    31   65536  0.7   2592    0.873      1.25       0.811    0.804       0.729      0.815        1.59     1.26       1.12    1.23     
393    31   65536  0.75  2917    1.36       1.04       1.56     1.64        1.54       1.37         1.40     2.08       2.29    1.11     
394    31   65536  0.8   2501    1.57       1.46       1.51     1.85        1.59       1.60         1.47     1.62       2.30    1.30     
395    31   65536  0.85  2777    2.70       2.71       2.99     2.96        2.50       2.74         2.80     2.10       3.27    2.32     
396    31   65536  0.9   2118    0.601     NA          0.734    0.700       0.674      0.780        0.712    0.432      1.08    0.801    
397    31   65536  0.9   2119   NA          0.581     NA       NA          NA         NA           NA       NA         NA      NA        
398    31   65536  0.95  1770    0.401      0.408      0.406    0.435       0.478      0.487        0.398    0.432      0.533   0.605    
399    31  131072  0      952    0.770     NA         NA        0.743       0.708      0.705       NA       NA         NA      NA        
400    31  131072  0      984   NA          1.42      NA       NA          NA         NA           NA       NA         NA      NA        
401    31  131072  0      998   NA         NA          1.85    NA          NA         NA           NA       NA         NA      NA        
402    31  131072  0     1019   NA         NA         NA       NA          NA         NA            2.04     2.11       2.14    2.02     
403    31  131072  0.05  2650    0.242     NA         NA        0.254       0.179      0.182        0.512    0.472      0.450   0.451    
404    31  131072  0.05  2643   NA          0.287     NA       NA          NA         NA           NA       NA         NA      NA        
405    31  131072  0.05  2653   NA         NA          0.393   NA          NA         NA           NA       NA         NA      NA        
406    31  131072  0.1   2608    0.152     NA         NA        0.114       0.0571     0.0575      NA       NA         NA      NA        
407    31  131072  0.1   2600   NA          0.0999    NA       NA          NA         NA           NA       NA         NA      NA        
408    31  131072  0.1   2592   NA         NA          0.118   NA          NA         NA           NA       NA         NA      NA        
409    31  131072  0.1   2595   NA         NA         NA       NA          NA         NA            0.276    0.190      0.298   0.222    
410    31  131072  0.15  2493    0.0847    NA         NA        0.0802      0.0429     0.0477      NA       NA         NA      NA        
411    31  131072  0.15  2494   NA          0.0586    NA       NA          NA         NA           NA       NA         NA      NA        
412    31  131072  0.15  2481   NA         NA          0.0796  NA          NA         NA           NA       NA         NA      NA        
413    31  131072  0.15  2470   NA         NA         NA       NA          NA         NA            0.158    0.343      0.136   0.166    
414    31  131072  0.2   2517    0.131     NA         NA        0.117       0.0427     0.0847      NA       NA         NA      NA        
415    31  131072  0.2   2502   NA          0.0734    NA       NA          NA         NA           NA       NA         NA      NA        
416    31  131072  0.2   2497   NA         NA          0.127   NA          NA         NA           NA       NA         NA      NA        
417    31  131072  0.2   2493   NA         NA         NA       NA          NA         NA            0.208    0.264      0.222   0.195    
418    31  131072  0.25  2742    0.179     NA         NA        0.116       0.0596     0.0967      NA       NA         NA      NA        
419    31  131072  0.25  2740   NA          0.0583    NA       NA          NA         NA           NA       NA         NA      NA        
420    31  131072  0.25  2741   NA         NA          0.107   NA          NA         NA           NA       NA         NA      NA        
421    31  131072  0.25  2735   NA         NA         NA       NA          NA         NA            0.245    0.173      0.379   0.126    
422    31  131072  0.3   2445    0.212      0.511     NA        0.198       0.138      0.127        0.229    0.320      0.266   0.188    
423    31  131072  0.3   2444   NA         NA          0.125   NA          NA         NA           NA       NA         NA      NA        
424    31  131072  0.35  2839    0.218      0.102      0.114    0.131       0.191      0.227        0.160    0.406      0.416   0.151    
425    31  131072  0.4   2351    0.272      0.191     NA        0.171       0.193      0.332        0.153    0.817      0.338   0.207    
426    31  131072  0.4   2352   NA         NA          0.202   NA          NA         NA           NA       NA         NA      NA        
427    31  131072  0.45  2699    0.231      0.169      0.206    0.209       0.174      0.202        0.286    0.996      0.457   0.383    
428    31  131072  0.5   2664    0.298      0.238      0.180    0.555       0.239      0.296       NA       NA         NA      NA        
429    31  131072  0.5   2665   NA         NA         NA       NA          NA         NA            0.505    0.775      0.569   0.502    
430    31  131072  0.55  2442    0.182      0.132      0.152    0.244       0.174      0.138        0.230    0.288      0.383   0.302    
431    31  131072  0.6   2811    0.636      0.579      0.537    0.586       0.545      0.613        0.568    0.730      0.752   0.834    
432    31  131072  0.65  2691    0.808      0.727      0.655    0.829       0.760      0.824        0.690    1.06       1.07    1.28     
433    31  131072  0.7   2592    0.777      0.791      0.725    0.738       0.775      0.725        0.811    1.09       0.650   0.932    
434    31  131072  0.75  2917    1.39       1.26       1.04     1.29        1.60       1.33         0.955    1.90       1.13    1.09     
435    31  131072  0.8   2501    1.56       1.50       1.46     1.58        1.54       1.69         2.20     1.53       1.81    1.49     
436    31  131072  0.85  2777    2.56       2.65       2.71     2.68        2.41       2.84         2.99     2.16       2.90    2.69     
437    31  131072  0.9   2119    0.589     NA          0.581    0.622       0.701      0.734       NA       NA         NA      NA        
438    31  131072  0.9   2118   NA          0.589     NA       NA          NA         NA            0.734    0.521      0.983   0.689    
439    31  131072  0.95  1770    0.375      0.398      0.408    0.413       0.468      0.447        0.406    0.461      0.506   0.463    
440    31  262144  0      952    0.785      0.724     NA        0.758       0.731      0.726       NA       NA         NA      NA        
441    31  262144  0      984   NA         NA          1.42    NA          NA         NA           NA       NA         NA      NA        
442    31  262144  0      998   NA         NA         NA       NA          NA         NA            1.85     1.82       1.84    1.77     
443    31  262144  0.05  2645    0.146     NA         NA        0.123       0.0898     0.0921      NA       NA         NA      NA        
444    31  262144  0.05  2650   NA          0.180     NA       NA          NA         NA           NA       NA         NA      NA        
445    31  262144  0.05  2643   NA         NA          0.287   NA          NA         NA           NA       NA         NA      NA        
446    31  262144  0.05  2653   NA         NA         NA       NA          NA         NA            0.393    0.396      0.381   0.377    
447    31  262144  0.1   2610    0.143     NA         NA        0.0750      0.0456     0.0333      NA       NA         NA      NA        
448    31  262144  0.1   2608   NA          0.0693    NA       NA          NA         NA           NA       NA         NA      NA        
449    31  262144  0.1   2600   NA         NA          0.0998  NA          NA         NA           NA       NA         NA      NA        
450    31  262144  0.1   2592   NA         NA         NA       NA          NA         NA            0.118    0.114      0.113   0.117    
451    31  262144  0.15  2493    0.120      0.0322    NA        0.0738      0.0460     0.0449      NA       NA         NA      NA        
452    31  262144  0.15  2494   NA         NA          0.0583  NA          NA         NA           NA       NA         NA      NA        
453    31  262144  0.15  2481   NA         NA         NA       NA          NA         NA            0.0796   0.217      0.0819  0.110    
454    31  262144  0.2   2519    0.104     NA         NA        0.120       0.0481     0.0738      NA       NA         NA      NA        
455    31  262144  0.2   2517   NA          0.0603    NA       NA          NA         NA           NA       NA         NA      NA        
456    31  262144  0.2   2502   NA         NA          0.0729  NA          NA         NA           NA       NA         NA      NA        
457    31  262144  0.2   2497   NA         NA         NA       NA          NA         NA            0.127    0.160      0.0758  0.101    
458    31  262144  0.25  2743    0.116     NA         NA        0.132       0.0735     0.0818      NA       NA         NA      NA        
459    31  262144  0.25  2742   NA          0.0938    NA       NA          NA         NA           NA       NA         NA      NA        
460    31  262144  0.25  2740   NA         NA          0.0581  NA          NA         NA           NA       NA         NA      NA        
461    31  262144  0.25  2741   NA         NA         NA       NA          NA         NA            0.107    0.169      0.0991  0.0832   
462    31  262144  0.3   2445    0.195      0.125      0.511    0.178       0.153      0.101       NA       NA         NA      NA        
463    31  262144  0.3   2444   NA         NA         NA       NA          NA         NA            0.125    0.250      0.0961  0.144    
464    31  262144  0.35  2839    0.286      0.121      0.101    0.123       0.229      0.139        0.114    0.328      0.0904  0.175    
465    31  262144  0.4   2351    0.320      0.186      0.191    0.193       0.231      0.209       NA       NA         NA      NA        
466    31  262144  0.4   2352   NA         NA         NA       NA          NA         NA            0.202    0.430      0.175   0.352    
467    31  262144  0.45  2699    0.298      0.165      0.169    0.240       0.193      0.215        0.206    0.420      0.154   0.177    
468    31  262144  0.5   2664    0.283      0.230      0.237    0.359       0.267      0.244        0.180    0.350      0.280   0.238    
469    31  262144  0.55  2442    0.180      0.137      0.130    0.168       0.208      0.148        0.152    0.175      0.282   0.189    
470    31  262144  0.6   2811    0.593      0.560      0.579    0.543       0.550      0.538        0.537    0.552      0.592   0.635    
471    31  262144  0.65  2691    0.763      0.726      0.727    0.762       0.752      0.765        0.655    0.755      0.752   1.09     
472    31  262144  0.7   2592    0.734      0.709      0.791    0.744       0.733      0.707        0.725    0.828      0.545   0.907    
473    31  262144  0.75  2917    1.37       1.31       1.26     1.34        1.47       1.18         1.04     1.66       1.08    1.23     
474    31  262144  0.8   2501    1.59       1.51       1.50     1.59        1.58       1.71         1.46     1.61       1.73    1.45     
475    31  262144  0.85  2777    2.64       3.29       2.65     2.69        2.55       2.86         2.71     2.48       2.97    2.45     
476    31  262144  0.9   2119    0.616      0.580     NA        0.655       0.698      0.741        0.581    0.674      0.838   0.703    
477    31  262144  0.9   2118   NA         NA          0.589   NA          NA         NA           NA       NA         NA      NA        
478    31  262144  0.95  1770    0.391      0.372      0.398    0.420       0.449      0.453        0.408    0.494      0.493   0.454    
479    31  524288  0      942    0.508     NA         NA        0.478       0.478      0.474       NA       NA         NA      NA        
480    31  524288  0      952   NA          0.739      0.724   NA          NA         NA           NA       NA         NA      NA        
481    31  524288  0      984   NA         NA         NA       NA          NA         NA            1.42     1.41       1.40    1.37     
482    31  524288  0.05  2641    0.174     NA         NA        0.134       0.126      0.124       NA       NA         NA      NA        
483    31  524288  0.05  2645   NA          0.0917    NA       NA          NA         NA           NA       NA         NA      NA        
484    31  524288  0.05  2650   NA         NA          0.180   NA          NA         NA           NA       NA         NA      NA        
485    31  524288  0.05  2643   NA         NA         NA       NA          NA         NA            0.287    0.280      0.276   0.270    
486    31  524288  0.1   2617    0.182     NA         NA        0.0796      0.0651     0.0568      NA       NA         NA      NA        
487    31  524288  0.1   2610   NA          0.0547    NA       NA          NA         NA           NA       NA         NA      NA        
488    31  524288  0.1   2608   NA         NA          0.0691  NA          NA         NA           NA       NA         NA      NA        
489    31  524288  0.1   2600   NA         NA         NA       NA          NA         NA            0.0998   0.0810     0.0993  0.0868   
490    31  524288  0.15  2499    0.0943    NA         NA        0.0472      0.0201     0.0222      NA       NA         NA      NA        
491    31  524288  0.15  2493   NA          0.0505     0.0320  NA          NA         NA           NA       NA         NA      NA        
492    31  524288  0.15  2494   NA         NA         NA       NA          NA         NA            0.0583   0.0783     0.0431  0.0702   
493    31  524288  0.2   2519    0.116      0.0452    NA        0.0732      0.0492     0.0536      NA       NA         NA      NA        
494    31  524288  0.2   2517   NA         NA          0.0598  NA          NA         NA           NA       NA         NA      NA        
495    31  524288  0.2   2502   NA         NA         NA       NA          NA         NA            0.0729   0.0823     0.0625  0.0788   
496    31  524288  0.25  2743    0.127      0.0508    NA        0.0755      0.0731     0.0497      NA       NA         NA      NA        
497    31  524288  0.25  2742   NA         NA          0.0934  NA          NA         NA           NA       NA         NA      NA        
498    31  524288  0.25  2740   NA         NA         NA       NA          NA         NA            0.0581   0.139      0.0361  0.0937   
499    31  524288  0.3   2446    0.230     NA         NA        0.121       0.171      0.121       NA       NA         NA      NA        
500    31  524288  0.3   2445   NA          0.111      0.125   NA          NA         NA            0.511    0.632      0.499   0.500    
501    31  524288  0.35  2839    0.272      0.168      0.121    0.146       0.210      0.136        0.101    0.203      0.104   0.220    
502    31  524288  0.4   2351    0.342      0.217      0.186    0.194       0.238      0.210        0.191    0.227      0.167   0.312    
503    31  524288  0.45  2699    0.311      0.206      0.164    0.199       0.200      0.243        0.377    0.221      0.127   0.235    
504    31  524288  0.5   2664    0.339      0.210      0.229    0.273       0.258      0.271        0.237    0.282      0.154   0.442    
505    31  524288  0.55  2442    0.209      0.134      0.136    0.132       0.187      0.162        0.130    0.155      0.137   0.211    
506    31  524288  0.6   2811    0.559      0.526      0.559    0.551       0.543      0.567        0.579    0.511      0.524   0.590    
507    31  524288  0.65  2691    0.767      0.683      0.725    0.764       0.758      0.787        0.727    0.668      0.664   0.864    
508    31  524288  0.7   2592    0.742      0.669      0.709    0.731       0.738      0.694        0.791    0.732      0.550   0.798    
509    31  524288  0.75  2917    1.34       1.29       1.31     1.39        1.34       1.20         1.26     1.56       1.06    1.33     
510    31  524288  0.8   2501    1.62       1.53       1.50     1.61        1.63       1.66         1.50     1.59       1.64    1.56     
511    31  524288  0.85  2777    2.69       2.59       3.29     2.70        2.66       2.80         2.65     2.49       2.90    2.71     
512    31  524288  0.9   2119    0.624      0.606      0.580    0.666       0.706      0.703       NA       NA         NA      NA        
513    31  524288  0.9   2118   NA         NA         NA       NA          NA         NA            0.589    0.675      0.720   0.778    
514    31  524288  0.95  1770    0.384      0.389      0.372    0.433       0.450      0.445        0.398    0.477      0.434   0.488    
515    71   16384  0    38747 6547.        NA         NA       97.7        90.5       85.7         NA       NA         NA      NA        
516    71   16384  0    38746   NA       6480.        NA       NA          NA         NA           NA       NA         NA      NA        
517    71   16384  0    38748   NA         NA       6524.      NA          NA         NA           NA       NA         NA      NA        
518    71   16384  0.05  7598 3311.      3313.      3307.       1.76        0.268      0.269       NA       NA         NA      NA        
519    71   16384  0.1   1973 1069.      1064.      1072.       0.509       0.107      0.0843      NA       NA         NA      NA        
520    71   16384  0.15  1132  570.        NA        571.       0.411       0.0609     0.0586      NA       NA         NA      NA        
521    71   16384  0.15  1133   NA        574.        NA       NA          NA         NA           NA       NA         NA      NA        
522    71   16384  0.2    112   62.6       62.5       NA        0.0478      0.00940    0.00921     NA       NA         NA      NA        
523    71   16384  0.2    111   NA         NA         62.3     NA          NA         NA           NA       NA         NA      NA        
524    71   16384  0.25     1    0.512      0.511      0.510    0.00442     0.000152   0.0000840   NA       NA         NA      NA        
525    71   16384  0.3      2    0.946      0.946      0.946    0.000391    0.000259   0.000142    NA       NA         NA      NA        
526    71   16384  0.95    15    0.00483    0.00483    0.00483  0.00483     0.00482    0.00483     NA       NA         NA      NA        
527    71   32768  0    38747 6529.      6507.        NA       99.4        90.8       87.3         NA       NA         NA      NA        
528    71   32768  0    38746   NA         NA       6480.      NA          NA         NA           NA       NA         NA      NA        
529    71   32768  0    38748   NA         NA         NA       NA          NA         NA         6524.      93.5        4.56   86.3      
530    71   32768  0.05  7598 3309.      3300.      3313.       0.927       0.140      0.132     3307.       0.954     43.4     0.993    
531    71   32768  0.1   1973 1068.      1067.      1064.       0.301       0.0506     0.0421    1072.       0.427     26.6     0.336    
532    71   32768  0.15  1132  572.       569.        NA        0.192       0.0373     0.0353     571.       0.256     38.2     0.290    
533    71   32768  0.15  1133   NA         NA        574.      NA          NA         NA           NA       NA         NA      NA        
534    71   32768  0.2    112   63.0       62.6       62.5      0.0241      0.00647    0.00677     NA       NA         NA      NA        
535    71   32768  0.2    111   NA         NA         NA       NA          NA         NA           62.3      0.0221     4.87    0.0228   
536    71   32768  0.25     1    0.512      0.512      0.511    0.00178     0.000300   0.000301     0.510    0.00230    0.0807  0.000701 
537    71   32768  0.3      2    0.945      0.946      0.946    0.0000314   0.000131   0.0000357    0.946    0.00148    0.195   0.00198  
538    71   32768  0.95    15    0.00483    0.00483    0.00483  0.00482     0.00483    0.00483      0.00483  0.00483   14.7     0.00483  
539    71   65536  0    38747 6487.      6488.      6507.      94.7        89.5       88.0         NA       NA         NA      NA        
540    71   65536  0    38746   NA         NA         NA       NA          NA         NA         6480.      92.6        4.57   85.7      
541    71   65536  0.05  7598 3289.      3299.      3301.       0.486       0.0689     0.0755    3313.       0.484     43.4     0.479    
542    71   65536  0.1   1973 1065.      1066.      1067.       0.131       0.0281     0.0265    1064.       0.270     26.6     0.157    
543    71   65536  0.15  1133  571.        NA         NA        0.107       0.0208     0.0191     574.       0.119     38.3     0.125    
544    71   65536  0.15  1132   NA        571.       569.      NA          NA         NA           NA       NA         NA      NA        
545    71   65536  0.2    111   62.5       NA         NA        0.00996     0.00431    0.00608     NA       NA         NA      NA        
546    71   65536  0.2    112   NA         62.5       62.6     NA          NA         NA           62.5      0.0128     4.91    0.0106   
547    71   65536  0.25     1    0.512      0.512      0.512    0.000451    0.000272   0.000445     0.511    0.000466   0.0807  0.000348 
548    71   65536  0.3      2    0.946      0.945      0.946    0.00000699  0.0000324  0.0000378    0.946    0.000364   0.195   0.000390 
549    71   65536  0.95    15    0.00483    0.00483    0.00483  0.00482     0.00483    0.00483      0.00483  0.00482   14.7     0.00483  
550    71  131072  0    38746 6506.        NA         NA       89.9        88.7       87.9         NA       NA         NA      NA        
551    71  131072  0    38747   NA       6441.      6488.      NA          NA         NA         6507.      89.9        4.58   85.2      
552    71  131072  0.05  7599 3284.        NA         NA        0.274       0.0518     0.0576      NA       NA         NA      NA        
553    71  131072  0.05  7598   NA       3280.      3300.      NA          NA         NA         3301.       0.239     43.4     0.229    
554    71  131072  0.1   1973 1065.      1063.      1066.       0.0877      0.0158     0.0157    1067.       0.0933    26.6     0.0774   
555    71  131072  0.15  1132  571.        NA        571.       0.0656      0.0101     0.0125     569.       0.0569    38.2     0.0533   
556    71  131072  0.15  1133   NA        570.        NA       NA          NA         NA           NA       NA         NA      NA        
557    71  131072  0.2    112   62.9       NA         62.9      0.00706     0.00418    0.00414     62.6      0.00830    4.91    0.00792  
558    71  131072  0.2    111   NA         62.5       NA       NA          NA         NA           NA       NA         NA      NA        
559    71  131072  0.25     1    0.512      0.512      0.512    0.000300    0.000282   0.000361     0.512    0.000129   0.0807  0.000118 
560    71  131072  0.3      2    0.946      0.946      0.945    0.000161    0.0000524  0.0000151    0.946    0.000311   0.195   0.000164 
561    71  131072  0.95    15    0.00483    0.00483    0.00483  0.00482     0.00483    0.00483      0.00483  0.00482   14.7     0.00483  
562    71  262144  0    38747 6506.        NA       6441.      87.7        88.3       87.8       6488.      90.3        4.58   87.0      
563    71  262144  0    38746   NA       6460.        NA       NA          NA         NA           NA       NA         NA      NA        
564    71  262144  0.05  7598 3280.        NA       3280.       0.118       0.0184     0.0214    3300.       0.120     43.4     0.113    
565    71  262144  0.05  7599   NA       3274.        NA       NA          NA         NA           NA       NA         NA      NA        
566    71  262144  0.1   1973 1063.      1063.      1063.       0.0350      0.00956    0.00817   1066.       0.0439    26.6     0.0379   
567    71  262144  0.15  1133  570.        NA        570.       0.0366      0.00803    0.00921     NA       NA         NA      NA        
568    71  262144  0.15  1132   NA        570.        NA       NA          NA         NA          571.       0.0354    38.2     0.0295   
569    71  262144  0.2    111   62.4       NA         62.5      0.00595     0.00395    0.00381     NA       NA         NA      NA        
570    71  262144  0.2    112   NA         62.9       NA       NA          NA         NA           62.9      0.00600    4.91    0.00606  
571    71  262144  0.25     1    0.511      0.512      0.512    0.000565    0.000388   0.000309     0.512    0.000322   0.0807  0.000348 
572    71  262144  0.3      2    0.946      0.946      0.946    0.000227    0.0000615  0.0000150    0.945    0.000123   0.195   0.0000203
573    71  262144  0.95    15    0.00483    0.00483    0.00483  0.00483     0.00483    0.00483      0.00483  0.00483   14.7     0.00483  
574    71  524288  0    38746 6515.        NA       6460.      87.2        87.9       88.0         NA       NA         NA      NA        
575    71  524288  0    38747   NA       6460.        NA       NA          NA         NA         6441.      89.6        4.58   87.9      
576    71  524288  0.05  7598 3278.      3270.        NA        0.0609      0.00939    0.0101    3280.       0.0597    43.4     0.0656   
577    71  524288  0.05  7599   NA         NA       3274.      NA          NA         NA           NA       NA         NA      NA        
578    71  524288  0.1   1973 1064.      1062.      1063.       0.0174      0.00402    0.00410   1063.       0.0248    26.6     0.0246   
579    71  524288  0.15  1133  571.       569.        NA        0.0229      0.00395    0.00574    570.       0.0195    38.3     0.0162   
580    71  524288  0.15  1132   NA         NA        570.      NA          NA         NA           NA       NA         NA      NA        
581    71  524288  0.2    112   63.0       NA         62.9      0.00478     0.00288    0.00300     NA       NA         NA      NA        
582    71  524288  0.2    111   NA         62.4       NA       NA          NA         NA           62.5      0.00381    4.87    0.00577  
583    71  524288  0.25     1    0.512      0.511      0.512    0.000362    0.000376   0.000357     0.512    0.000296   0.0807  0.000415 
584    71  524288  0.3      2    0.946      0.946      0.946    0.000188    0.0000627  0.0000209    0.946    0.0000343  0.195   0.0000339
585    71  524288  0.95    15    0.00483    0.00483    0.00483  0.00483     0.00483    0.00483      0.00483  0.00483   14.7     0.00483  
