# A tibble: 110 × 17
# Groups:   k, totbits, bin [108]
        k totbits   bin     n `BMH1-500000` `BMH1-50000000`     Dash1      FSS1      FSSN   JItrue `PMH1-500000` `PMH1-50000000`      SS1  WJItrue     FSS8   Mash       SS8
    <int>   <dbl> <dbl> <int>         <dbl>           <dbl>     <dbl>     <dbl>     <dbl>    <dbl>         <dbl>           <dbl>    <dbl>    <dbl>    <dbl>  <dbl>     <dbl>
  1    21   16384  0.7     41          9.25            5.83    -8.76     -7.96     -8.64     -6.15          7.00            5.77   -16.1     -6.05    NA     NA       NA    
  2    21   16384  0.75   159         30.7            18.6    -70.1     -20.3     -16.9      -4.95         21.8            18.1    -33.5     -4.31    NA     NA       NA    
  3    21   16384  0.8   1105        168.             98.3     -6.97     32.7      39.5      23.3         106.             91.2     11.7     20.1     NA     NA       NA    
  4    21   16384  0.85  1471        138.             62.3     31.5      26.9      25.8      24.7          59.9            55.7     26.5     20.4     NA     NA       NA    
  5    21   16384  0.9   6496        284.            102.      51.7      49.8      54.5      40.6         -63.6            92.4     47.3     27.6     NA     NA       NA    
  6    21   16384  0.95 41978        -12.2           -16.5    -16.6     -12.3       0.517   -37.7       -1648.            -43.1    -16.9    -44.4     NA     NA       NA    
  7    21   32768  0.7     41          9.26            5.83    -4.68    -14.4     -14.9      -6.08          6.95            5.77   -11.5     -5.86   -23.4  -24.9    -24.9  
  8    21   32768  0.75   159         30.7            18.4    -32.3     -10.4     -21.8      -4.81         21.7            18.0    -18.4     -4.10   -26.4  -76.2    -33.7  
  9    21   32768  0.8   1105        169.             96.1     18.6      33.1      18.9      25.3         105.             90.4     18.5     23.8     29.4    3.74    26.0  
 10    21   32768  0.85  1471        138.             61.6     33.3      26.8      24.6      25.9          59.5            56.5     27.7     23.7     26.9   24.4     30.4  
 11    21   32768  0.9   6496        286.            103.      60.0      54.5      55.5      41.9         -65.1            88.1     50.5     37.6     49.3   43.8     45.8  
 12    21   32768  0.95 41978         -3.96          -15.7    -11.7      -4.15     -3.53    -38.4       -1655.            -44.1    -10.0    -36.8    -11.1  -20.1    -16.9  
 13    21   65536  0.7     41          9.26            5.87    -0.563   -12.8     -15.8      -6.08          6.98            5.76   -13.2     -5.86   -22.7  -24.9    -24.9  
 14    21   65536  0.75   159         30.6            18.4     -8.49    -11.3     -30.8      -4.94         21.8            17.9    -11.9     -4.12   -13.5  -36.6    -24.2  
 15    21   65536  0.8   1105        169.             95.5     30.8      29.7      23.5      24.8         105.             91.2     24.4     25.7     31.7   12.0     20.8  
 16    21   65536  0.85  1471        138.             61.6     29.8      27.2      25.9      25.9          59.6            56.5     27.2     23.8     27.5   24.4     27.2  
 17    21   65536  0.9   6496        286.            103.      55.9      54.4      52.9      43.7         -65.7            86.4     52.3     38.1     47.4   46.1     49.5  
 18    21   65536  0.95 41978         -3.42           -5.44    -7.89     -6.68     -2.77    -36.7       -1652.            -44.0     -7.68   -33.8     -8.64   3.13   -16.5  
 19    21  131072  0.7     41          9.25            5.87    -0.360   -12.2     -16.9      -6.08          7.01            5.77   -18.2     -5.86   -22.8  -19.5    -24.9  
 20    21  131072  0.75   159         30.6            18.3     -0.849   -13.1     -21.3      -4.81         21.8            17.9    -14.6     -4.06   -11.3  -21.2    -15.7  
 21    21  131072  0.8   1105        169.             95.2     31.2      28.0      24.2      25.3         106.             91.2     25.3     24.1     33.2   28.5     17.3  
 22    21  131072  0.85  1471        138.             61.6     27.8      27.7      NA        24.1          60.0            56.9     26.9     24.2     26.9   26.5     26.9  
 23    21  131072  0.85  1470         NA              NA       NA        NA        26.3      NA            NA              NA       NA       NA       NA     NA       NA    
 24    21  131072  0.9   6496        285.            103.      52.8      52.8      53.0      45.2         -63.0            86.9     53.0     42.6     50.3   52.3     47.7  
 25    21  131072  0.95 41978         -3.84           -6.21    -9.78     -7.47     -3.23    -36.0       -1641.            -45.4     -5.57   -30.6    -11.6   18.1    -15.5  
 26    21  262144  0.7     41          9.24            5.88    -0.108   -12.8      -9.61     -6.08          7.03            5.77   -16.2     -5.86   -21.6  -19.1    -24.9  
 27    21  262144  0.75   159         30.6            18.4     -1.46     -8.95    -19.5      -5.20         21.9            17.9    -14.7     -4.20   -10.3  -14.7    -11.9  
 28    21  262144  0.8   1105        169.             95.3     28.8      27.9      19.9      25.5         107.             91.7     25.9     25.9     31.2   29.3     22.7  
 29    21  262144  0.85  1470        138.             61.8     27.8      27.7      NA        25.2          60.8            57.3     27.4     26.5     NA     NA       NA    
 30    21  262144  0.85  1471         NA              NA       NA        NA        26.5      NA            NA              NA       NA       NA       26.8   27.4     27.6  
 31    21  262144  0.9   6496        284.            103.      53.5      53.0      52.6      46.3         -59.0            86.9     52.7     46.3     54.2   50.9     50.5  
 32    21  262144  0.95 41978         -6.60           -5.60    -4.67     -5.67     -3.70    -34.7       -1626.            -43.1     -7.34   -26.5     -3.37  12.0     -9.12 
 33    21  524288  0.7     41          9.24            5.87    -3.19    -12.7     -18.0      -6.08          7.10            5.78   -14.0     -5.86   -21.2  -18.2    -24.3  
 34    21  524288  0.75   159         30.6            18.4     -2.99    -10.7     -24.8      -4.81         22.1            17.9     -7.80    -4.06    -9.05  -6.80    -9.98 
 35    21  524288  0.8   1105        169.             95.8     25.7      27.7      21.1      25.7         108.             91.6     27.3     26.5     29.9   28.9     24.1  
 36    21  524288  0.85  1471        138.             62.2     27.6      27.6      26.7      26.5          63.0            57.5     27.4     26.3     27.3   27.5     27.2  
 37    21  524288  0.9   6496        284.            103.      53.5      53.3      51.6      46.6         -49.8            85.8     52.8     47.8     54.1   51.7     52.3  
 38    21  524288  0.95 41978         -7.52           -5.62    -4.92     -5.28     -5.45    -33.8       -1593.            -44.7     -6.34   -26.3     -6.05   4.11    -6.56 
 39    31   16384  0.7     41          9.61            7.35    -7.58    -10.8     -11.1      -2.23          8.10            7.26    -7.65    -2.07    NA     NA       NA    
 40    31   16384  0.75   159         32.0            23.3    -54.2     -25.9     -60.2       5.05         25.9            23.3    -35.7      5.38    NA     NA       NA    
 41    31   16384  0.8   1105        178.            125.     -39.2      42.3     -24.7      61.5         135.            122.      18.5     62.1     NA     NA       NA    
 42    31   16384  0.85  1471        149.             86.5     49.0      51.1      50.7      48.6          96.4            86.1     51.7     45.7     NA     NA       NA    
 43    31   16384  0.9   6496        333.            165.      97.8     104.      107.       98.3          94.6           153.      99.0     86.6     NA     NA       NA    
 44    31   16384  0.95 41978        161.             96.2     94.3      94.2      95.5      74.0        -997.             77.5     89.0     69.8     NA     NA       NA    
 45    31   32768  0.7     41          9.62            7.31    -2.24    -10.3      -5.32     -2.23          8.08            7.22   -10.4     -2.07   -26.2  -24.5    -24.5  
 46    31   32768  0.75   159         32.0            23.4    -28.3     -21.5     -33.6       4.99         25.9            23.4    -14.3      5.62   -62.2  -58.6    -48.3  
 47    31   32768  0.8   1105        178.            126.      -4.17     64.4      -1.87     63.2         135.            123.      57.1     62.9     55.0   -8.54   -32.2  
 48    31   32768  0.85  1471        150.             88.1     54.0      51.8      53.7      50.3          96.8            86.3     52.0     47.2     50.7   49.7     55.8  
 49    31   32768  0.9   6496        335.            165.      99.4     106.      108.       97.3          95.6           155.     100.      92.5     96.1  107.      98.0  
 50    31   32768  0.95 41978        167.            102.      92.6      96.3      94.4      75.5        -992.             79.8     90.7     71.7     89.4   98.0     96.4  
 51    31   65536  0.7     41          9.62            7.34    -8.79     -7.00    -11.0      -2.23          8.06            7.27   -15.0     -2.07   -24.5  -24.5    -24.5  
 52    31   65536  0.75   159         32.0            23.6    -30.7     -21.4     -21.8       4.96         25.9            23.3     -6.39     5.48   -39.1  -29.3    -21.5  
 53    31   65536  0.8   1105        178.            126.     -21.0      63.9      37.6      64.5         135.            123.      62.0     64.3     58.6   64.0     15.2  
 54    31   65536  0.85  1471        150.             88.4     54.4      52.1      53.3      50.6          96.7            86.0     51.9     49.5     50.3   50.1     53.3  
 55    31   65536  0.9   6496        334.            166.      99.2     105.      109.       97.8          95.4           156.     102.      96.8    100.   106.      99.1  
 56    31   65536  0.95 41978        166.            108.      90.9      94.2      97.5      75.8        -991.             76.5     94.1     75.0     86.3   88.9     86.6  
 57    31  131072  0.7     41          9.62            7.34    -5.04    -11.0      -6.62     -2.23          8.08            7.28   -15.3     -2.07   -24.5  -24.5    -24.5  
 58    31  131072  0.75   159         32.0            23.6     -8.80     -4.27    -13.0       5.05         26.0            23.3     -1.59     5.63   -21.3  -14.4    -12.7  
 59    31  131072  0.8   1105        178.            125.      28.9      62.9      55.0      63.4         135.            123.      62.3     63.7     61.4   65.3     55.6  
 60    31  131072  0.85  1471        150.             89.1     54.1      51.6      51.6      51.2          97.1            86.2     51.7     49.2     51.8   50.4     52.1  
 61    31  131072  0.9   6496        334.            167.     104.      105.      107.      100.           97.0           154.     103.      99.0    105.   104.      99.1  
 62    31  131072  0.95 41978        166.            110.      91.5      93.2      96.7      78.8        -985.             74.8     94.9     80.0     94.6   86.6     88.1  
 63    31  262144  0.7     41          9.61            7.34    -4.41    -12.1     -11.3      -2.23          8.11            7.28    -9.99    -2.07   -23.7  -23.7    -23.7  
 64    31  262144  0.75   159         32.0            23.6    -10.7      -1.56     -9.99      5.05         26.0            23.3     -3.72     5.45   -12.4   -6.35    -2.39 
 65    31  262144  0.8   1105        178.            126.      49.9      64.0      65.1      63.3         136.            123.      63.2     63.8     64.4   65.4     60.2  
 66    31  262144  0.85  1471        150.             89.2     51.5      51.3      51.2      50.9          97.6            86.2     51.8     49.9     52.0   50.6     52.0  
 67    31  262144  0.9   6496        333.            167.     104.      105.      106.      100.           99.4           154.     104.      98.3    106.   106.     100.   
 68    31  262144  0.95 41978        166.            109.      94.4      94.7      95.5      78.7        -975.             75.7     94.2     78.6     95.9   85.7     91.4  
 69    31  524288  0.7     41          9.61            7.33    -4.77    -10.0      -9.06     -2.23          8.15            7.28   -13.6     -2.07   -23.0  -23.8    -23.8  
 70    31  524288  0.75   159         32.0            23.6     -5.05     -3.93      0.483     5.05         26.2            23.3     -1.93     5.66    -1.35  -1.92     0.422
 71    31  524288  0.8   1105        178.            126.      64.5      63.6      67.4      63.9         137.            123.      63.6     64.4     64.5   66.4     61.7  
 72    31  524288  0.85  1471        150.             89.1     51.6      51.4      51.2      51.0          99.1            86.2     51.7     50.2     52.2   51.0     52.0  
 73    31  524288  0.9   6496        333.            166.     104.      105.      105.      102.          106.            153.     104.     102.     105.   103.     102.   
 74    31  524288  0.95 41978        166.            108.      93.3      94.9      95.4      78.1        -950.             77.4     94.0     82.8     94.2   88.6     94.4  
 75    71   16384  0.7     41         10.0             9.03    -6.05    -10.5     -15.7       3.03          9.38            9.00    -4.92     3.18    NA     NA       NA    
 76    71   16384  0.75   159         33.6            29.8    -30.9     -39.8     -57.0      11.0          31.0            29.7    -42.3     11.4     NA     NA       NA    
 77    71   16384  0.8   1105        189.            164.    -373.     -192.     -413.       33.8         170.            162.    -143.      32.6     NA     NA       NA    
 78    71   16384  0.85  1471        165.            129.    -407.     -229.     -548.      -27.6         141.            128.    -227.     -33.2     NA     NA       NA    
 79    71   16384  0.9   6496        395.            245.   -1973.     -253.    -1504.     -435.          290.            241.    -223.    -431.      NA     NA       NA    
 80    71   16384  0.95 41978        294.           -395.   -2265.    -1088.    -1856.    -3978.         -388.           -429.   -1029.   -3922.      NA     NA       NA    
 81    71   32768  0.7     41         10.0             9.02    -8.12    -16.9     -10.2       3.03          9.38            9.00   -10.4      3.18   -26.9   NA      -26.9  
 82    71   32768  0.75   159         33.6            29.8    -28.2     -29.9     -61.9      11.0          31.0            29.7    -50.1     11.4   -111.    NA      -85.2  
 83    71   32768  0.8   1105        189.            163.    -260.     -141.     -361.       32.2         170.            163.    -154.      35.4   -548.    NA     -356.   
 84    71   32768  0.85  1471        165.            129.    -322.     -165.     -496.      -28.2         141.            128.    -179.     -27.9   -443.    NA     -543.   
 85    71   32768  0.9   6496        395.            245.   -1740.     -128.    -1274.     -433.          290.            241.    -115.    -435.    -538.    NA     -412.   
 86    71   32768  0.95 41978        299.           -393.   -1526.    -1036.    -1433.    -3982.         -388.           -424.    -994.   -3914.   -1219.    NA    -1275.   
 87    71   65536  0.7     41         10.0             9.02    -4.35    -13.3     -15.9       3.03          9.38            9.01    -6.06     3.18   -25.1   NA      -25.1  
 88    71   65536  0.75   159         33.6            29.8    -18.4     -41.2     -40.1      11.0          31.0            29.7    -36.7     11.4    -95.6   NA      -69.9  
 89    71   65536  0.8   1105        189.            163.    -210.     -152.     -346.       33.3         170.            163.    -135.      34.0   -241.    NA     -162.   
 90    71   65536  0.85  1471        165.            129.    -308.      -89.0    -464.      -27.4         141.            128.     -69.8    -29.9   -169.    NA     -246.   
 91    71   65536  0.9   6496        395.            245.   -1450.      -39.9    -847.     -431.          290.            242.     -47.8   -426.    -126.    NA      -95.4  
 92    71   65536  0.95 41978        299.           -391.   -1326.     -965.    -1336.    -3978.         -387.           -421.    -926.   -3910.   -1080.    NA    -1125.   
 93    71  131072  0.7     41         10.0             9.02   -13.9     -11.6     -18.7       3.03          9.39            9.01    -8.89     3.18   -24.2   NA      -24.2  
 94    71  131072  0.75   159         33.6            29.8    -49.8     -43.4     -43.9      11.0          31.0            29.7    -39.7     11.4    -84.0   NA      -58.4  
 95    71  131072  0.8   1105        189.            163.    -361.      -78.1    -283.       34.1         170.            163.     -80.0     35.0    -55.8   NA      -20.6  
 96    71  131072  0.85  1471        164.            129.    -292.      -34.8    -366.      -25.6         142.            128.     -26.4    -26.4    -14.5   NA      -31.2  
 97    71  131072  0.9   6496        395.            245.   -1151.        4.87   -448.     -431.          291.            241.      -6.52  -423.     -21.7   NA       -4.34 
 98    71  131072  0.95 41978        297.           -390.   -1181.     -905.    -1263.    -3978.         -382.           -421.    -917.   -3908.    -996.    NA     -938.   
 99    71  262144  0.7     41         10.0             9.03   -14.9      -8.97    -13.2       3.03          9.39            9.01    -9.02     3.18   -24.2   NA      -24.2  
100    71  262144  0.75   159         33.6            29.8    -42.9     -37.9     -60.8      11.0          31.0            29.7    -34.5     11.4    -59.1   NA      -45.3  
101    71  262144  0.8   1105        189.            163.    -351.      -34.0    -347.       34.2         171.            163.     -53.1     36.9     61.2   NA       42.7  
102    71  262144  0.85  1471        164.            129.    -229.       21.3    -291.      -25.4         142.            128.      21.9    -26.3     38.0   NA       42.9  
103    71  262144  0.9   6496        394.            245.    -776.       15.5    -284.     -431.          292.            242.      12.7   -420.      25.0   NA       30.4  
104    71  262144  0.95 41978        295.           -388.   -1105.     -903.    -1194.    -3977.         -374.           -420.    -878.   -3903.    -914.    NA     -877.   
105    71  524288  0.7     41         10.0             9.03    -9.56    -12.7     -16.9       3.03          9.41            9.01    -9.08     3.18   -24.2   NA      -24.2  
106    71  524288  0.75   159         33.6            29.8    -45.9     -31.2     -53.8      11.0          31.1            29.7    -32.4     11.5    -40.5   NA      -16.4  
107    71  524288  0.8   1105        189.            163.    -306.        0.818  -274.       34.2         171.            163.     -25.0     37.0     83.1   NA       74.7  
108    71  524288  0.85  1471        164.            129.    -137.       38.0    -253.      -26.3         142.            128.      32.0    -26.9     56.5   NA       55.9  
109    71  524288  0.9   6496        394.            245.    -306.       20.3    -140.     -430.          295.            242.      25.4   -420.      34.0   NA       35.1  
110    71  524288  0.95 41978        295.           -388.   -1048.     -883.    -1074.    -3977.         -357.           -420.    -877.   -3903.    -859.    NA     -858.   
