# A tibble: 387 × 10
# Groups:   k, totbits, bin [288]
        k totbits   bin     n       Dash1       FSS1        SS1       FSS8    Mash        SS8
    <int>   <dbl> <dbl> <int>       <dbl>      <dbl>      <dbl>      <dbl>   <dbl>      <dbl>
  1    21   16384  0     1585  3.64        3.19       3.24      NA         NA      NA        
  2    21   16384  0.05  1712  1.45        0.921      0.942     NA         NA      NA        
  3    21   16384  0.1   1974  0.673       0.223      0.167     NA         NA      NA        
  4    21   16384  0.15  2040  0.621       0.328      0.235     NA         NA      NA        
  5    21   16384  0.2   2169  0.678       0.160      0.289     NA         NA      NA        
  6    21   16384  0.25  2597  1.04        0.357      0.309     NA         NA      NA        
  7    21   16384  0.3   2474  0.719       0.343      0.114     NA         NA      NA        
  8    21   16384  0.35  2840  0.788       0.406      0.167     NA         NA      NA        
  9    21   16384  0.4   2872  0.565       0.459      0.181     NA         NA      NA        
 10    21   16384  0.45  2810  0.687       0.514      0.342     NA         NA      NA        
 11    21   16384  0.5   2460  1.03        0.435      0.454     NA         NA      NA        
 12    21   16384  0.55  3340  0.853       0.627      0.711     NA         NA      NA        
 13    21   16384  0.6   2630  0.947       0.752      0.719     NA         NA      NA        
 14    21   16384  0.65  2949  1.29        1.39       1.28      NA         NA      NA        
 15    21   16384  0.7   3275  1.76        1.98       1.53      NA         NA      NA        
 16    21   16384  0.75  2934  1.71        2.35       1.96      NA         NA      NA        
 17    21   16384  0.8   3701  2.77        3.39       2.83      NA         NA      NA        
 18    21   16384  0.85  2972  3.74        4.22       3.33      NA         NA      NA        
 19    21   16384  0.9   2196  1.37        1.44       1.39      NA         NA      NA        
 20    21   16384  0.95  1720  1.02        0.954      1.01      NA         NA      NA        
 21    21   32768  0     1564  2.93        2.62       2.59      11.3       11.0    11.1        
 23    21   32768  0.05  1717  1.37        1.14       1.12      5.64       5.54    5.64        
 25    21   32768  0.1   1982  0.657       0.411      0.355     2.23         2.10      2.20        
 27    21   32768  0.15  2044  0.737       0.198      0.159     NA         NA      NA        
 28    21   32768  0.15  2012 NA          NA         NA          1.03       1.22    1.08     
 29    21   32768  0.2   2173  0.504       0.185      0.200     NA         NA      NA        
 30    21   32768  0.2   2059 NA          NA         NA          0.509      0.925   0.441    
 31    21   32768  0.25  2603  0.641       0.295      0.217     NA         NA      NA        
 32    21   32768  0.25  2495 NA          NA         NA          1.20       0.680   1.13     
 33    21   32768  0.3   2472  0.258       0.266      0.0890    NA         NA      NA        
 34    21   32768  0.3   2410 NA          NA         NA          1.31       0.375   0.612    
 35    21   32768  0.35  2838  0.545       0.547      0.313     NA         NA      NA        
 36    21   32768  0.35  2817 NA          NA         NA          1.54       0.620   0.647    
 37    21   32768  0.4   2872  0.637       0.644      0.167     NA         NA      NA        
 38    21   32768  0.4   2870 NA          NA         NA          0.738      0.651   0.762    
 39    21   32768  0.45  2809  0.434       0.768      0.263     NA         NA      NA        
 40    21   32768  0.45  2810 NA          NA         NA          1.12       1.08    0.818    
 41    21   32768  0.5   2460  0.639       0.718      0.253      0.631      0.861   1.00     
 42    21   32768  0.55  3340  0.890       0.795      0.606     NA         NA      NA        
 43    21   32768  0.55  3341 NA          NA         NA          1.20       2.36    1.14     
 44    21   32768  0.6   2630  0.920       0.755      0.598      1.05       1.27    1.12     
 45    21   32768  0.65  2949  1.10        1.25       1.11       1.32       2.71    1.67     
 46    21   32768  0.7   3274  1.40        1.64       1.41       2.28       2.65    2.18     
 47    21   32768  0.75  2934  1.63        2.06       1.92       2.80       2.58    2.32     
 48    21   32768  0.8   3701  2.79        3.16       2.83       3.96       2.97    3.47     
 49    21   32768  0.85  2972  3.93        3.94       3.31       3.97       3.09    3.93     
 50    21   32768  0.9   2196  1.04        1.27       1.10       1.49       1.63    1.14     
 51    21   32768  0.95  1720  0.796       0.873      0.875      1.09       1.06    0.778    
 52    21   65536  0     1547  1.84        1.78       1.77      NA         NA      NA        
 53    21   65536  0     1616 NA          NA         NA          3.91       3.93    4.04     
 54    21   65536  0.05  1714  0.808       0.708      0.695     NA         NA      NA        
 55    21   65536  0.05  1709 NA          NA         NA          1.55       1.69    1.67     
 56    21   65536  0.1   1981  0.388       0.276      0.240     NA         NA      NA        
 57    21   65536  0.1   1986 NA          NA         NA          0.651      0.629   0.605    
 58    21   65536  0.15  2048  0.448       0.220      0.186     NA         NA      NA        
 59    21   65536  0.15  2042 NA          NA         NA          0.396      0.385   0.287    
 60    21   65536  0.2   2174  0.181       0.116      0.118     NA         NA      NA        
 61    21   65536  0.2   2150 NA          NA         NA          0.356      0.743   0.587    
 62    21   65536  0.25  2609  0.307       0.214      0.176     NA         NA      NA        
 63    21   65536  0.25  2581 NA          NA         NA          0.828      0.741   0.718    
 64    21   65536  0.3   2478  0.220       0.187      0.0722    NA         NA      NA        
 65    21   65536  0.3   2469 NA          NA         NA          0.478      0.648   0.248    
 66    21   65536  0.35  2842  0.460       0.303      0.199     NA         NA      NA        
 67    21   65536  0.35  2839 NA          NA         NA          0.758      1.20    0.304    
 68    21   65536  0.4   2872  0.438       0.366      0.309      0.453      0.937   0.548    
 69    21   65536  0.45  2809  0.502       0.490      0.499      0.702      1.32    0.589    
 70    21   65536  0.5   2460  0.618       0.657      0.320      0.654      1.11    0.683    
 71    21   65536  0.55  3340  0.592       0.740      0.561      1.03       1.50    1.24     
 72    21   65536  0.6   2630  0.728       0.710      0.693      1.18       0.869   1.32     
 73    21   65536  0.65  2949  1.02        0.944      1.02       1.28       2.06    1.99     
 74    21   65536  0.7   3274  1.45        1.45       1.29       1.88       2.22    1.68     
 75    21   65536  0.75  2934  1.78        2.08       1.79       2.79       1.93    2.25     
 76    21   65536  0.8   3701  2.81        3.00       2.60      NA         NA      NA        
 77    21   65536  0.8   3702 NA          NA         NA          4.03       3.49    3.70     
 78    21   65536  0.85  2972  4.00        3.56       3.29       3.89       3.80    3.78     
 79    21   65536  0.9   2196  1.21        1.18       1.21       1.31       1.47    1.47     
 80    21   65536  0.95  1720  0.891       0.892      0.878      0.923      0.991   1.01     
 81    21  131072  0     1538  1.89        1.85       1.86      NA         NA      NA        
 82    21  131072  0     1585 NA          NA         NA          3.22       3.32    3.25     
 83    21  131072  0.05  1702  0.250       0.209      0.207     NA         NA      NA        
 84    21  131072  0.05  1712 NA          NA         NA          0.919      1.02    0.938    
 85    21  131072  0.1   1982  0.210       0.146      0.143     NA         NA      NA        
 86    21  131072  0.1   1974 NA          NA         NA          0.210      0.224   0.160    
 87    21  131072  0.15  2050  0.237       0.102      0.0952    NA         NA      NA        
 88    21  131072  0.15  2040 NA          NA         NA          0.342      0.401   0.233    
 89    21  131072  0.2   2180  0.102       0.0699     0.0771    NA         NA      NA        
 90    21  131072  0.2   2169 NA          NA         NA          0.150      0.261   0.276    
 91    21  131072  0.25  2624  0.144       0.165      0.146     NA         NA      NA        
 92    21  131072  0.25  2597 NA          NA         NA          0.373      0.632   0.323    
 93    21  131072  0.3   2474  0.144       0.0664     0.115      0.323      1.48    0.0968   
 94    21  131072  0.35  2843  0.219       0.180      0.258     NA         NA      NA        
 95    21  131072  0.35  2840 NA          NA         NA          0.413      2.31    0.168    
 96    21  131072  0.4   2872  0.208       0.302      0.350      0.466      2.43    0.195    
 97    21  131072  0.45  2809  0.375       0.414      0.577     NA         NA      NA        
 98    21  131072  0.45  2810 NA          NA         NA          0.531      3.05    0.313    
 99    21  131072  0.5   2460  0.481       0.419      0.422      0.467      1.95    0.436    
100    21  131072  0.55  3340  0.611       0.629      0.615      0.642      2.00    0.711    
101    21  131072  0.6   2630  0.766       0.582      0.700      0.786      1.47    0.701    
102    21  131072  0.65  2949  0.905       0.900      0.985      1.38       1.64    1.25     
103    21  131072  0.7   3274  1.31        1.47       1.27      NA         NA      NA        
104    21  131072  0.7   3275 NA          NA         NA          1.97       2.36    1.54     
105    21  131072  0.75  2934  1.78        2.07       1.73       2.37       2.25    2.01     
106    21  131072  0.8   3701  2.76        3.07       2.49       3.40       3.36    2.88     
107    21  131072  0.85  2972  3.72        3.75       3.46       4.24       4.22    3.32     
108    21  131072  0.9   2196  1.09        1.23       1.21       1.46       1.78    1.39     
109    21  131072  0.95  1720  0.830       0.890      0.882      0.955      1.09    1.01     
110    21  262144  0     1520  0.900       0.881      0.874     NA         NA      NA        
111    21  262144  0     1564 NA          NA         NA          2.62       2.66    2.60     
112    21  262144  0.05  1710  0.522       0.497      0.489     NA         NA      NA        
113    21  262144  0.05  1717 NA          NA         NA          1.13       1.15    1.11     
114    21  262144  0.1   1977  0.111       0.0575     0.0573    NA         NA      NA        
115    21  262144  0.1   1982 NA          NA         NA          0.401      0.396   0.351    
116    21  262144  0.15  2052  0.175       0.111      0.0979    NA         NA      NA        
117    21  262144  0.15  2044 NA          NA         NA          0.203      0.223   0.157    
118    21  262144  0.2   2184  0.0573      0.0535     0.0657    NA         NA      NA        
119    21  262144  0.2   2173 NA          NA         NA          0.184      0.314   0.212    
120    21  262144  0.25  2628  0.166       0.163      0.124     NA         NA      NA        
121    21  262144  0.25  2603 NA          NA         NA          0.309      0.547   0.229    
122    21  262144  0.3   2477  0.155       0.0756     0.0910    NA         NA      NA        
123    21  262144  0.3   2472 NA          NA         NA          0.318      0.955   0.108    
124    21  262144  0.35  2843  0.319       0.193      0.212     NA         NA      NA        
125    21  262144  0.35  2838 NA          NA         NA          0.589      1.91    0.329    
126    21  262144  0.4   2872  0.381       0.326      0.237      0.668      1.57    0.185    
127    21  262144  0.45  2810  0.623       0.542      0.470     NA         NA      NA        
128    21  262144  0.45  2809 NA          NA         NA          0.780      1.93    0.283    
129    21  262144  0.5   2460  0.495       0.375      0.391      0.711      1.34    0.260    
130    21  262144  0.55  3340  0.689       0.651      0.575      0.789      1.02    0.604    
131    21  262144  0.6   2630  0.822       0.655      0.616      0.779      0.830   0.596    
132    21  262144  0.65  2949  0.994       1.02       0.876      1.21       1.18    1.12     
133    21  262144  0.7   3274  1.39        1.50       1.23       1.62       1.70    1.43     
134    21  262144  0.75  2934  1.78        2.04       1.79       2.07       2.08    1.90     
135    21  262144  0.8   3701  2.81        3.03       2.63       3.12       3.13    2.85     
136    21  262144  0.85  2972  3.86        3.79       3.53       3.89       3.97    3.33     
137    21  262144  0.9   2196  1.19        1.28       1.27       1.27       1.55    1.10     
138    21  262144  0.95  1720  0.835       0.907      0.879      0.882      1.01    0.872    
139    21  524288  0     1514  1.31        1.30       1.29      NA         NA      NA        
140    21  524288  0     1547 NA          NA         NA          1.78       1.76    1.77     
141    21  524288  0.05  1703  0.159       0.145      0.139     NA         NA      NA        
142    21  524288  0.05  1714 NA          NA         NA          0.695      0.689   0.692    
143    21  524288  0.1   1979  0.119       0.0987     0.0949    NA         NA      NA        
144    21  524288  0.1   1981 NA          NA         NA          0.267      0.243   0.239    
145    21  524288  0.15  2053  0.115       0.0927     0.0735    NA         NA      NA        
146    21  524288  0.15  2048 NA          NA         NA          0.224      0.204   0.182    
147    21  524288  0.2   2189  0.0422      0.0480     0.0504    NA         NA      NA        
148    21  524288  0.2   2174 NA          NA         NA          0.117      0.110   0.118    
149    21  524288  0.25  2632  0.161       0.152      0.122     NA         NA      NA        
150    21  524288  0.25  2609 NA          NA         NA          0.211      0.314   0.180    
151    21  524288  0.3   2481  0.0998      0.0927     0.0878    NA         NA      NA        
152    21  524288  0.3   2478 NA          NA         NA          0.188      0.311   0.0856   
153    21  524288  0.35  2842  0.229       0.229      0.247      0.321      0.895   0.236    
154    21  524288  0.4   2872  0.314       0.368      0.279      0.403      1.14    0.362    
155    21  524288  0.45  2809  0.457       0.465      0.439      0.533      1.36    0.571    
156    21  524288  0.5   2460  0.445       0.362      0.432      0.694      1.03    0.351    
157    21  524288  0.55  3340  0.648       0.578      0.580      0.782      0.961   0.577    
158    21  524288  0.6   2630  0.758       0.639      0.644      0.740      0.725   0.688    
159    21  524288  0.65  2949  0.974       0.993      0.920      0.943      1.02    1.02     
160    21  524288  0.7   3274  1.45        1.39       1.25       1.47       1.35    1.29     
161    21  524288  0.75  2934  1.91        1.94       1.75       2.10       1.87    1.80     
162    21  524288  0.8   3701  2.87        2.87       2.68       3.02       2.97    2.62     
163    21  524288  0.85  2971  3.90        3.71       3.64      NA         NA      NA        
164    21  524288  0.85  2972 NA          NA         NA          3.58       3.83    3.29     
165    21  524288  0.9   2197  1.63        1.70       1.63      NA         NA      NA        
166    21  524288  0.9   2196 NA          NA         NA          1.19       1.33    1.21     
167    21  524288  0.95  1720  0.875       0.927      0.880      0.901      0.934   0.879    
168    31   16384  0     2684  2.85        2.14       2.05      NA         NA      NA        
169    31   16384  0.05  2655  1.08        0.480      0.458     NA         NA      NA        
170    31   16384  0.1   2595  0.627       0.190      0.240     NA         NA      NA        
171    31   16384  0.15  2470  0.925       0.352      0.186     NA         NA      NA        
172    31   16384  0.2   2493  0.863       0.277      0.178     NA         NA      NA        
173    31   16384  0.25  2735  0.561       0.172      0.122     NA         NA      NA        
174    31   16384  0.3   2445  0.641       0.280      0.186     NA         NA      NA        
175    31   16384  0.35  2839  0.566       0.392      0.167     NA         NA      NA        
176    31   16384  0.4   2351  0.650       0.846      0.208     NA         NA      NA        
177    31   16384  0.45  2699  0.579       1.03       0.398     NA         NA      NA        
178    31   16384  0.5   2665  1.39        0.775      0.497     NA         NA      NA        
179    31   16384  0.55  2442  0.676       0.306      0.279     NA         NA      NA        
180    31   16384  0.6   2811  1.10        0.723      0.844     NA         NA      NA        
181    31   16384  0.65  2691  1.35        1.06       1.29      NA         NA      NA        
182    31   16384  0.7   2592  1.35        1.13       0.929     NA         NA      NA        
183    31   16384  0.75  2917  1.85        2.03       1.10      NA         NA      NA        
184    31   16384  0.8   2501  2.06        1.57       1.49      NA         NA      NA        
185    31   16384  0.85  2777  3.52        2.19       2.71      NA         NA      NA        
186    31   16384  0.9   2118  0.916       0.527      0.710     NA         NA      NA        
187    31   16384  0.95  1770  0.505       0.464      0.474     NA         NA      NA        
188    31   32768  0     2663  2.15        1.84       1.79      NA         NA      NA        
189    31   32768  0     2899 NA          NA         NA          6.90       7.52    7.06     
190    31   32768  0.05  2658  0.657       0.400      0.380     NA         NA      NA        
191    31   32768  0.05  2668 NA          NA         NA          1.97       2.12    1.88     
192    31   32768  0.1   2592  0.364       0.113      0.119     NA         NA      NA        
193    31   32768  0.1   2567 NA          NA         NA          0.892      1.50    1.19     
194    31   32768  0.15  2481  0.286       0.241      0.106     NA         NA      NA        
195    31   32768  0.15  2406 NA          NA         NA          0.551      1.16    0.629    
196    31   32768  0.2   2497  0.502       0.181      0.102     NA         NA      NA        
197    31   32768  0.2   2411 NA          NA         NA          0.972      0.430   0.737    
198    31   32768  0.25  2741  0.409       0.201      0.0815    NA         NA      NA        
199    31   32768  0.25  2686 NA          NA         NA          1.18       0.737   0.627    
200    31   32768  0.3   2444  0.252       0.269      0.137     NA         NA      NA        
201    31   32768  0.3   2438 NA          NA         NA          1.46       0.696   0.627    
202    31   32768  0.35  2839  0.266       0.393      0.167     NA         NA      NA        
203    31   32768  0.35  2838 NA          NA         NA          1.01       1.92    1.54     
204    31   32768  0.4   2352  0.395       0.519      0.328     NA         NA      NA        
205    31   32768  0.4   2351 NA          NA         NA          1.97       1.15    1.17     
206    31   32768  0.45  2699  0.318       0.466      0.166      2.10       1.17    1.48     
207    31   32768  0.5   2664  0.577       0.359      0.212     NA         NA      NA        
208    31   32768  0.5   2666 NA          NA         NA          1.94       1.68    1.09     
209    31   32768  0.55  2442  0.331       0.177      0.182      1.48       1.28    0.938    
210    31   32768  0.6   2811  0.689       0.556      0.647      1.57       1.38    1.39     
211    31   32768  0.65  2691  1.20        0.756      1.11      NA         NA      NA        
212    31   32768  0.65  2692 NA          NA         NA          1.87       1.61    2.44     
213    31   32768  0.7   2592  1.03        0.840      0.924      1.72       1.48    1.88     
214    31   32768  0.75  2917  1.58        1.65       1.23       3.20       2.32    1.33     
215    31   32768  0.8   2501  1.83        1.60       1.44       2.08       2.21    1.38     
216    31   32768  0.85  2777  3.18        2.45       2.42       2.58       3.16    2.20     
217    31   32768  0.9   2119  0.774       0.667      0.683      0.411      0.660   0.858    
218    31   32768  0.95  1770  0.426       0.488      0.448      0.392      0.382   0.637    
219    31   65536  0     2649  1.59        1.42       1.38      NA         NA      NA        
220    31   65536  0     2718 NA          NA         NA          3.09       3.37    3.05     
221    31   65536  0.05  2648  0.396       0.283      0.275     NA         NA      NA        
222    31   65536  0.05  2656 NA          NA         NA          0.549      0.556   0.565    
223    31   65536  0.1   2600  0.323       0.0856     0.0885    NA         NA      NA        
224    31   65536  0.1   2584 NA          NA         NA          0.340      0.655   0.388    
225    31   65536  0.15  2494  0.234       0.0983     0.0689    NA         NA      NA        
226    31   65536  0.15  2459 NA          NA         NA          0.297      0.296   0.270    
227    31   65536  0.2   2502  0.266       0.0828     0.0842    NA         NA      NA        
228    31   65536  0.2   2487 NA          NA         NA          0.649      0.377   0.406    
229    31   65536  0.25  2740  0.154       0.139      0.0920    NA         NA      NA        
230    31   65536  0.25  2726 NA          NA         NA          0.543      0.237   0.283    
231    31   65536  0.3   2445  0.584       0.635      0.492      0.953      0.279   0.420    
232    31   65536  0.35  2839  0.131       0.238      0.206     NA         NA      NA        
233    31   65536  0.35  2840 NA          NA         NA          0.836      1.22    0.618    
234    31   65536  0.4   2351  0.252       0.246      0.305      1.07       0.484   0.354    
235    31   65536  0.45  2699  0.219       0.240      0.215     NA         NA      NA        
236    31   65536  0.45  2701 NA          NA         NA          1.41       0.695   0.866    
237    31   65536  0.5   2664  0.652       0.295      0.411      0.731      0.760   0.554    
238    31   65536  0.55  2442  0.360       0.171      0.206      0.401      0.508   0.432    
239    31   65536  0.6   2811  0.695       0.512      0.595      0.966      0.855   0.969    
240    31   65536  0.65  2691  0.989       0.670      0.864      1.19       1.14    1.50     
241    31   65536  0.7   2592  0.804       0.729      0.815      1.26       1.12    1.23     
242    31   65536  0.75  2917  1.64        1.54       1.37       2.08       2.29    1.11     
243    31   65536  0.8   2501  1.85        1.59       1.60       1.62       2.30    1.30     
244    31   65536  0.85  2777  2.96        2.50       2.74       2.10       3.27    2.32     
245    31   65536  0.9   2118  0.700       0.674      0.780      0.432      1.08    0.801    
246    31   65536  0.95  1770  0.435       0.478      0.487      0.432      0.533   0.605    
247    31  131072  0     2617  0.807       0.712      0.710     NA         NA      NA        
248    31  131072  0     2684 NA          NA         NA          2.13       2.16    2.04     
249    31  131072  0.05  2655  0.254       0.179      0.183      0.472      0.450   0.451    
250    31  131072  0.1   2608  0.114       0.0571     0.0575    NA         NA      NA        
251    31  131072  0.1   2595 NA          NA         NA          0.190      0.298   0.222    
252    31  131072  0.15  2493  0.0802      0.0429     0.0477    NA         NA      NA        
253    31  131072  0.15  2470 NA          NA         NA          0.343      0.136   0.166    
254    31  131072  0.2   2517  0.117       0.0427     0.0847    NA         NA      NA        
255    31  131072  0.2   2493 NA          NA         NA          0.264      0.222   0.195    
256    31  131072  0.25  2742  0.116       0.0596     0.0967    NA         NA      NA        
257    31  131072  0.25  2735 NA          NA         NA          0.173      0.379   0.126    
258    31  131072  0.3   2445  0.198       0.138      0.127      0.320      0.266   0.188    
259    31  131072  0.35  2839  0.131       0.191      0.227      0.406      0.416   0.151    
260    31  131072  0.4   2351  0.171       0.193      0.332      0.817      0.338   0.207    
261    31  131072  0.45  2699  0.209       0.174      0.202      0.996      0.457   0.383    
262    31  131072  0.5   2664  0.555       0.239      0.296     NA         NA      NA        
263    31  131072  0.5   2665 NA          NA         NA          0.775      0.569   0.502    
264    31  131072  0.55  2442  0.244       0.174      0.138      0.288      0.383   0.302    
265    31  131072  0.6   2811  0.586       0.545      0.613      0.730      0.752   0.834    
266    31  131072  0.65  2691  0.829       0.760      0.824      1.06       1.07    1.28     
267    31  131072  0.7   2592  0.738       0.775      0.725      1.09       0.650   0.932    
268    31  131072  0.75  2917  1.29        1.60       1.33       1.90       1.13    1.09     
269    31  131072  0.8   2501  1.58        1.54       1.69       1.53       1.81    1.49     
270    31  131072  0.85  2777  2.68        2.41       2.84       2.16       2.90    2.69     
271    31  131072  0.9   2119  0.622       0.701      0.734     NA         NA      NA        
272    31  131072  0.9   2118 NA          NA         NA          0.521      0.983   0.689    
273    31  131072  0.95  1770  0.413       0.468      0.447      0.461      0.506   0.463    
274    31  262144  0     2617  0.786       0.735      0.731     NA         NA      NA        
275    31  262144  0     2663 NA          NA         NA          1.83       1.85    1.78     
276    31  262144  0.05  2650  0.123       0.0898     0.0921    NA         NA      NA        
277    31  262144  0.05  2658 NA          NA         NA          0.396      0.381   0.377    
278    31  262144  0.1   2610  0.0750      0.0456     0.0333    NA         NA      NA        
279    31  262144  0.1   2592 NA          NA         NA          0.114      0.113   0.117    
280    31  262144  0.15  2493  0.0738      0.0460     0.0449    NA         NA      NA        
281    31  262144  0.15  2481 NA          NA         NA          0.217      0.0819  0.110    
282    31  262144  0.2   2519  0.120       0.0481     0.0738    NA         NA      NA        
283    31  262144  0.2   2497 NA          NA         NA          0.160      0.0758  0.101    
284    31  262144  0.25  2743  0.132       0.0735     0.0818    NA         NA      NA        
285    31  262144  0.25  2741 NA          NA         NA          0.169      0.0991  0.0832   
286    31  262144  0.3   2445  0.178       0.153      0.101     NA         NA      NA        
287    31  262144  0.3   2444 NA          NA         NA          0.250      0.0961  0.144    
288    31  262144  0.35  2839  0.123       0.229      0.139      0.328      0.0904  0.175    
289    31  262144  0.4   2351  0.193       0.231      0.209     NA         NA      NA        
290    31  262144  0.4   2352 NA          NA         NA          0.430      0.175   0.352    
291    31  262144  0.45  2699  0.240       0.193      0.215      0.420      0.154   0.177    
292    31  262144  0.5   2664  0.359       0.267      0.244      0.350      0.280   0.238    
293    31  262144  0.55  2442  0.168       0.208      0.148      0.175      0.282   0.189    
294    31  262144  0.6   2811  0.543       0.550      0.538      0.552      0.592   0.635    
295    31  262144  0.65  2691  0.762       0.752      0.765      0.755      0.752   1.09     
296    31  262144  0.7   2592  0.744       0.733      0.707      0.828      0.545   0.907    
297    31  262144  0.75  2917  1.34        1.47       1.18       1.66       1.08    1.23     
298    31  262144  0.8   2501  1.59        1.58       1.71       1.61       1.73    1.45     
299    31  262144  0.85  2777  2.69        2.55       2.86       2.48       2.97    2.45     
300    31  262144  0.9   2119  0.655       0.698      0.741      0.674      0.838   0.703    
301    31  262144  0.95  1770  0.420       0.449      0.453      0.494      0.493   0.454    
302    31  524288  0     2607  0.496       0.481      0.478     NA         NA      NA        
303    31  524288  0     2649 NA          NA         NA          1.41       1.41    1.38     
304    31  524288  0.05  2646  0.134       0.126      0.124     NA         NA      NA        
305    31  524288  0.05  2648 NA          NA         NA          0.280      0.276   0.270    
306    31  524288  0.1   2617  0.0796      0.0651     0.0568    NA         NA      NA        
307    31  524288  0.1   2600 NA          NA         NA          0.0810     0.0993  0.0868   
308    31  524288  0.15  2499  0.0472      0.0201     0.0222    NA         NA      NA        
309    31  524288  0.15  2494 NA          NA         NA          0.0783     0.0431  0.0702   
310    31  524288  0.2   2519  0.0732      0.0492     0.0536    NA         NA      NA        
311    31  524288  0.2   2502 NA          NA         NA          0.0823     0.0625  0.0788   
312    31  524288  0.25  2743  0.0755      0.0731     0.0497    NA         NA      NA        
313    31  524288  0.25  2740 NA          NA         NA          0.139      0.0361  0.0937   
314    31  524288  0.3   2446  0.121       0.171      0.121     NA         NA      NA        
315    31  524288  0.3   2445 NA          NA         NA          0.632      0.499   0.500    
316    31  524288  0.35  2839  0.146       0.210      0.136      0.203      0.104   0.220    
317    31  524288  0.4   2351  0.194       0.238      0.210      0.227      0.167   0.312    
318    31  524288  0.45  2699  0.199       0.200      0.243      0.221      0.127   0.235    
319    31  524288  0.5   2664  0.273       0.258      0.271      0.282      0.154   0.442    
320    31  524288  0.55  2442  0.132       0.187      0.162      0.155      0.137   0.211    
321    31  524288  0.6   2811  0.551       0.543      0.567      0.511      0.524   0.590    
322    31  524288  0.65  2691  0.764       0.758      0.787      0.668      0.664   0.864    
323    31  524288  0.7   2592  0.731       0.738      0.694      0.732      0.550   0.798    
324    31  524288  0.75  2917  1.39        1.34       1.20       1.56       1.06    1.33     
325    31  524288  0.8   2501  1.61        1.63       1.66       1.59       1.64    1.56     
326    31  524288  0.85  2777  2.70        2.66       2.80       2.49       2.90    2.71     
327    31  524288  0.9   2119  0.666       0.706      0.703     NA         NA      NA        
328    31  524288  0.9   2118 NA          NA         NA          0.675      0.720   0.778    
329    31  524288  0.95  1770  0.433       0.450      0.445      0.477      0.434   0.488    
330    71   16384  0    40417 98.0        90.5       85.8       NA         NA      NA        
331    71   16384  0.05  7598  1.76        0.268      0.269     NA         NA      NA        
332    71   16384  0.1   1973  0.509       0.107      0.0843    NA         NA      NA        
333    71   16384  0.15  1132  0.411       0.0609     0.0586    NA         NA      NA        
334    71   16384  0.2    112  0.0478      0.00940    0.00921   NA         NA      NA        
335    71   16384  0.25     1  0.00442     0.000152   0.0000840 NA         NA      NA        
336    71   16384  0.3      2  0.000391    0.000259   0.000142  NA         NA      NA        
337    71   16384  0.95    15  0.00483     0.00482    0.00483   NA         NA      NA        
338    71   32768  0    40417 99.6        90.8       87.3       NA         NA      NA        
339    71   32768  0    40418 NA          NA         NA         93.5       NA      86.3      
340    71   32768  0.05  7598  0.927       0.140      0.132      0.954     NA       0.993    
341    71   32768  0.1   1973  0.301       0.0506     0.0421     0.427     NA       0.336    
342    71   32768  0.15  1132  0.192       0.0373     0.0353     0.256     NA       0.290    
343    71   32768  0.2    112  0.0241      0.00647    0.00677   NA         NA      NA        
344    71   32768  0.2    111 NA          NA         NA          0.0221    NA       0.0228   
345    71   32768  0.25     1  0.00178     0.000300   0.000301   0.00230   NA       0.000701 
346    71   32768  0.3      2  0.0000314   0.000131   0.0000357  0.00148   NA       0.00198  
347    71   32768  0.95    15  0.00482     0.00483    0.00483    0.00483   NA       0.00483  
348    71   65536  0    40417 94.9        89.6       88.0       NA         NA      NA        
349    71   65536  0    40416 NA          NA         NA         92.6       NA      85.7      
350    71   65536  0.05  7598  0.486       0.0689     0.0755     0.484     NA       0.479    
351    71   65536  0.1   1973  0.131       0.0281     0.0265     0.270     NA       0.157    
352    71   65536  0.15  1133  0.107       0.0208     0.0191     0.119     NA       0.125    
353    71   65536  0.2    111  0.00996     0.00431    0.00608   NA         NA      NA        
354    71   65536  0.2    112 NA          NA         NA          0.0128    NA       0.0106   
355    71   65536  0.25     1  0.000451    0.000272   0.000445   0.000466  NA       0.000348 
356    71   65536  0.3      2  0.00000699  0.0000324  0.0000378  0.000364  NA       0.000390 
357    71   65536  0.95    15  0.00482     0.00483    0.00483    0.00482   NA       0.00483  
358    71  131072  0    40416 90.0        88.7       87.9       89.9       NA      85.2        
360    71  131072  0.05  7599  0.274       0.0518     0.0576     0.239         NA      0.229        
362    71  131072  0.1   1973  0.0877      0.0158     0.0157     0.0933    NA       0.0774   
363    71  131072  0.15  1132  0.0656      0.0101     0.0125     0.0569    NA       0.0533   
364    71  131072  0.2    112  0.00706     0.00418    0.00414    0.00830   NA       0.00792  
365    71  131072  0.25     1  0.000300    0.000282   0.000361   0.000129  NA       0.000118 
366    71  131072  0.3      2  0.000161    0.0000524  0.0000151  0.000311  NA       0.000164 
367    71  131072  0.95    15  0.00482     0.00483    0.00483    0.00482   NA       0.00483  
368    71  262144  0    40417 87.7        88.3       87.8       90.3       NA      87.1      
369    71  262144  0.05  7598  0.118       0.0184     0.0214     0.120     NA       0.113    
370    71  262144  0.1   1973  0.0350      0.00956    0.00817    0.0439    NA       0.0379   
371    71  262144  0.15  1133  0.0366      0.00803    0.00921    0.0354    NA      0.0295       
373    71  262144  0.2    111  0.00595     0.00395    0.00381   0.00600         NA    0.00606        
375    71  262144  0.25     1  0.000565    0.000388   0.000309   0.000322  NA       0.000348 
376    71  262144  0.3      2  0.000227    0.0000615  0.0000150  0.000123  NA       0.0000203
377    71  262144  0.95    15  0.00483     0.00483    0.00483    0.00483   NA       0.00483  
378    71  524288  0    40416 87.2        87.9       88.0       89.6         NA     87.9        
380    71  524288  0.05  7598  0.0609      0.00939    0.0101     0.0597    NA       0.0656   
381    71  524288  0.1   1973  0.0174      0.00402    0.00410    0.0248    NA       0.0246   
382    71  524288  0.15  1133  0.0229      0.00395    0.00574    0.0195    NA       0.0162   
383    71  524288  0.2    112  0.00478     0.00288    0.00300   0.00381    NA       0.00577        
385    71  524288  0.25     1  0.000362    0.000376   0.000357   0.000296  NA       0.000415 
386    71  524288  0.3      2  0.000188    0.0000627  0.0000209  0.0000343 NA       0.0000339
387    71  524288  0.95    15  0.00483     0.00483    0.00483    0.00483   NA       0.00483  
