# A tibble: 56 × 18
# Groups:   k, totbits, bin [54]
       k totbits   bin     n   BD1   BD2   BD4 `BMH1-500000` `BMH1-50000000`  Dash1   FSS1 JItrue `PMH1-500000` `PMH1-50000000`    SS1 WJItrue   BD8    Mash
   <int>   <dbl> <dbl> <int> <dbl> <dbl> <dbl>         <dbl>           <dbl>  <dbl>  <dbl>  <dbl>         <dbl>           <dbl>  <dbl>   <dbl> <dbl>   <dbl>
 1    21   16384  0.85  1106  20.5  18.9  19.9          96.0            42.9   22.9   16.7   17.9          33.6            38.4   16.6    19.5  NA      NA  
 2    21   16384  0.9   6496  56.9  53.7  58.2         284.            102.    53.3   49.9   55.2          96.7            92.4   47.5    71.5  NA      NA  
 3    21   16384  0.95 41978  51.9  50.5  59.3         240.             64.6   57.5   56.3   65.6        1648.             77.3   57.1    76.3  NA      NA  
 4    21   32768  0.85  1106  20.0  18.8  18.9          96.2            43.1   21.0   17.0   17.2          33.4            39.1   17.4    19.5  19.9    15.9
 5    21   32768  0.9   6496  58.0  51.0  53.7         286.            103.    60.0   54.5   53.9          97.2            88.1   50.6    62.6  58.2    47.0
 6    21   32768  0.95 41978  51.0  52.4  51.5         239.             64.3   51.4   51.7   66.3        1655.             75.6   53.3    69.0  59.3    63.1
 7    21   65536  0.85  1106  20.0  17.5  18.8          96.3            42.7   17.6   17.7   17.2          33.6            38.9   17.3    19.4  18.9    15.6
 8    21   65536  0.9   6496  58.7  52.3  51.0         286.            103.    56.0   54.4   52.1          97.5            86.4   52.3    62.4  53.7    47.7
 9    21   65536  0.95 41978  49.3  51.8  51.4         237.             61.5   49.0   50.3   64.5        1652.             74.7   50.8    66.1  50.5    52.7
10    21  131072  0.85  1106  19.9  17.6  17.5          96.1            42.9   17.6   17.4   18.3          34.0            39.1   17.0    18.7  18.8    15.8
11    21  131072  0.9   6496  57.3  53.0  52.3         285.            103.    52.9   52.8   51.0          97.0            86.9   53.0    58.4  51.0    52.4
12    21  131072  0.95 41978  48.0  49.2  50.8         239.             62.4   49.6   49.3   63.9        1641.             75.7   49.0    63.2  51.4    54.5
13    21  262144  0.85  1105  20.0  NA    NA            95.9            42.8   17.3   17.2   18.2          34.5            39.3   17.2    18.0  NA      NA  
14    21  262144  0.85  1106  NA    17.5  17.5          NA              NA     NA     NA     NA            NA              NA     NA      NA    17.5    16.9
15    21  262144  0.9   6496  56.8  51.6  53.0         284.            103.    53.5   53.0   50.1          95.4            86.9   52.7    54.9  52.3    51.0
16    21  262144  0.95 41978  49.1  47.7  50.2         239.             62.5   48.5   49.2   62.7        1626.             73.6   49.2    59.1  51.8    53.8
17    21  524288  0.85  1106  20.0  NA    17.5          95.9            43.0   17.4   17.3   16.8          36.2            39.4   17.3    17.7  17.5    17.2
18    21  524288  0.85  1105  NA    17.5  NA            NA              NA     NA     NA     NA            NA              NA     NA      NA    NA      NA  
19    21  524288  0.9   6496  57.5  51.2  51.6         284.            103.    53.5   53.3   49.6          91.9            85.8   52.9    53.7  53.0    51.7
20    21  524288  0.95 41978  49.2  49.0  47.7         238.             61.9   48.8   49.1   61.9        1593.             74.9   48.7    59.0  49.2    49.8
21    31   16384  0.85  1106  35.1  31.4  32.6         105.             61.3   39.5   32.2   33.4          62.4            59.7   34.9    35.3  NA      NA  
22    31   16384  0.9   6496 109.  100.   91.5         333.            165.    98.1  104.   105.          102.            153.    99.0   116.   NA      NA  
23    31   16384  0.95 41978  98.0  93.5  83.3         253.            104.    98.7   98.3   92.7        1001.             92.2   93.1   103.   NA      NA  
24    31   32768  0.85  1106  35.9  31.7  31.4         105.             61.5   36.2   33.1   33.2          62.6            59.6   33.8    35.5  32.6    33.0
25    31   32768  0.9   6496 112.  102.  100.          335.            165.    99.4  106.   106.          102.            155.   100.    112.   91.5   107. 
26    31   32768  0.95 41978  95.3  94.5  93.5         256.            109.    96.6   99.9   91.4         996.             94.0   94.5   101.   84.3   103. 
27    31   65536  0.85  1106  35.8  32.6  31.7         105.             61.8   34.1   33.3   33.2          62.7            59.6   33.4    34.1  31.4    32.8
28    31   65536  0.9   6496 111.  106.  102.          334.            166.    99.2  105.   106.          102.            156.   102.    109.  100.    106. 
29    31   65536  0.95 41978  98.8  91.8  95.5         256.            114.    94.4   97.9   91.3         995.             90.8   97.7    98.8  94.5    93.7
30    31  131072  0.85  1106  35.8  32.5  32.6         105.             62.0   33.4   33.0   32.9          63.0            59.6   33.5    33.6  31.7    32.4
31    31  131072  0.9   6496 112.  105.  106.          334.            167.   104.   105.   104.          104.            154.   103.    107.  102.    104. 
32    31  131072  0.95 41978 101.   94.6  90.8         257.            115.    95.3   96.8   88.5         990.             89.9   98.6    94.3  94.5    90.7
33    31  262144  0.85  1106  35.9  32.5  32.5         105.             61.9   33.7   32.8   32.9          63.3            59.5   33.3    34.3  32.6    32.7
34    31  262144  0.9   6496 112.  106.  105.          333.            167.   104.   105.   104.          105.            154.   104.    109.  106.    106. 
35    31  262144  0.95 41978 101.   97.6  94.5         257.            115.    98.0   98.1   88.6         980.             89.9   97.9    95.8  90.8    89.8
36    31  524288  0.85  1106  36.1  32.7  32.5         105.             61.8   32.4   33.0   32.9          64.4            59.5   33.1    34.1  32.5    33.0
37    31  524288  0.9   6496 112.  106.  105.          333.            166.   104.   105.   103.          109.            153.   104.    106.  105.    103. 
38    31  524288  0.95 41978 102.   97.0  97.6         257.            115.    96.9   98.4   89.3         958.             91.1   97.7    92.0  95.5    92.7
39    71   16384  0.85  1106  69.0  85.0 205.          116.             90.5  426.   256.    67.3          97.4            89.9  259.     72.0  NA      NA  
40    71   16384  0.9   6496 210.  198.  201.          395.            245.  2117.   348.   463.          290.            241.   319.    459.   NA      NA  
41    71   16384  0.95 41978 242.  236.  234.          419.            502.  2273.  1089.  3979.          567.            527.  1031.   3923.   NA      NA  
42    71   32768  0.85  1106  69.5  64.8  85.8         116.             90.6  366.   198.    69.0          97.5            90.0  214.     68.5 205.    982. 
43    71   32768  0.9   6496 211.  200.  198.          395.            245.  1868.   225.   461.          290.            241.   208.    463.  201.   6052. 
44    71   32768  0.95 41978 242.  239.  236.          421.            501.  1530.  1038.  3983.          568.            523.   995.   3915.  234.  41366. 
45    71   65536  0.85  1106  69.4  64.1  64.7         116.             90.6  348.   144.    67.2          97.5            90.0  136.     70.5  85.8   982. 
46    71   65536  0.9   6496 210.  202.  200.          395.            245.  1554.   138.   459.          290.            242.   144.    454.  198.   6052. 
47    71   65536  0.95 41978 240.  239.  238.          422.            499.  1330.   966.  3979.          568.            522.   927.   3911.  236.  41366. 
48    71  131072  0.85  1106  69.5  64.1  64.1         116.             90.7  332.   111.    66.4          97.7            90.0  104.     67.5  64.7   982. 
49    71  131072  0.9   6496 212.  201.  202.          395.            245.  1243.    94.6  459.          291.            241.   103.    451.  200.   6052. 
50    71  131072  0.95 41978 242.  235.  237.          421.            499.  1183.   906.  3979.          565.            522.   918.   3909.  238.  41366. 
51    71  262144  0.85  1106  69.5  64.1  64.0         116.             90.6  275.    62.4   66.3          97.9            90.0   67.3    67.2  64.1   982. 
52    71  262144  0.9   6496 212.  203.  201.          394.            245.   859.    84.4  459.          292.            242.    83.2   448.  202.   6052. 
53    71  262144  0.95 41978 242.  237.  237.          421.            498.  1106.   904.  3977.          560.            521.   879.   3904.  237.  41366. 
54    71  524288  0.85  1106  69.4  64.3  64.1         116.             90.6  193.    52.3   67.1          98.3            90.0   53.2    67.3  64.0   982. 
55    71  524288  0.9   6496 212.  203.  203.          394.            245.   400.    78.9  458.          295.            242.    70.0   448.  201.   6052. 
56    71  524288  0.95 41978 244.  238.  237.          421.            499.  1049.   884.  3978.          550.            521.   878.   3904.  235.  41366. 
