# A tibble: 56 × 18
# Groups:   k, totbits, bin [54]
       k totbits   bin     n     BD1    BD2     BD4 `BMH1-500000` `BMH1-50000000`    Dash1     FSS1  JItrue `PMH1-500000` `PMH1-50000000`      SS1 WJItrue    BD8      Mash
   <int>   <dbl> <dbl> <int>   <dbl>  <dbl>   <dbl>         <dbl>           <dbl>    <dbl>    <dbl>   <dbl>         <dbl>           <dbl>    <dbl>   <dbl>  <dbl>     <dbl>
 1    21   16384  0.85  1106  19.9    16.4   17.3           96.0            42.9     18.6     16.0     14.4          33.6            38.4    15.8     12.9  NA        NA   
 2    21   16384  0.9   6496  56.9    53.3   55.9          284.            102.      51.7     49.8     40.6         -63.6            92.4    47.3     27.6  NA        NA   
 3    21   16384  0.95 41978  -0.598   1.73   6.49         -12.2           -16.5    -16.6    -12.3    -37.7       -1648.            -43.1   -16.9    -44.4  NA        NA   
 4    21   32768  0.85  1106  19.5    16.4   16.4           96.2            43.1     20.0     16.4     15.1          33.4            39.1    16.6     13.4  17.3      14.8 
 5    21   32768  0.9   6496  58.0    51.0   53.3          286.            103.      60.0     54.5     41.9         -65.1            88.1    50.5     37.6  55.9      43.8 
 6    21   32768  0.95 41978  -5.83   -5.36   0.615         -3.96          -15.7    -11.7     -4.15   -38.4       -1655.            -44.1   -10.0    -36.8   6.49    -20.1 
 7    21   65536  0.85  1106  19.4    16.6   16.4           96.3            42.6     16.9     16.9     15.3          33.6            38.8    16.5     13.8  16.4      14.9 
 8    21   65536  0.9   6496  58.7    52.3   50.9          286.            103.      55.9     54.4     43.7         -65.7            86.4    52.3     38.1  53.3      46.1 
 9    21   65536  0.95 41978  -4.05  -10.5   -4.44          -3.42           -5.44    -7.89    -6.68   -36.7       -1652.            -44.0    -7.68   -33.8   1.61      3.13
10    21  131072  0.85  1106  19.4    16.7   16.6           96.1            42.8     17.1     16.7     14.2          34.0            39.0    16.2     14.7  16.4      15.2 
11    21  131072  0.9   6496  57.3    53.0   52.3          285.            103.      52.8     52.8     45.2         -63.0            86.9    53.0     42.6  50.9      52.3 
12    21  131072  0.95 41978   0.312  -7.79  -9.57          -3.84           -6.21    -9.78    -7.47   -36.0       -1641.            -45.4    -5.57   -30.6  -4.44     18.1 
13    21  262144  0.85  1105  19.4    NA     NA             95.9            42.8     16.8     16.5     14.3          34.5            39.3    16.4     15.5  NA        NA   
14    21  262144  0.85  1106  NA      16.7   16.7           NA              NA       NA       NA       NA            NA              NA      NA       NA    16.6      16.2 
15    21  262144  0.9   6496  56.8    51.6   53.0          284.            103.      53.5     53.0     46.3         -59.0            86.9    52.7     46.3  52.3      50.9 
16    21  262144  0.95 41978  -1.62   -3.91  -8.81          -6.60           -5.60    -4.67    -5.67   -34.7       -1626.            -43.1    -7.34   -26.5 -10.6      12.0 
17    21  524288  0.85  1106  19.5    NA     16.7           95.9            42.9     16.6     16.5     15.7          36.2            39.4    16.6     15.8  16.7      16.5 
18    21  524288  0.85  1105  NA      16.8   NA             NA              NA       NA       NA       NA            NA              NA      NA       NA    NA        NA   
19    21  524288  0.9   6496  57.5    51.2   51.6          284.            103.      53.5     53.3     46.6         -49.8            85.8    52.8     47.8  53.0      51.7 
20    21  524288  0.95 41978  -0.122  -5.82  -3.94          -7.52           -5.62    -4.92    -5.28   -33.8       -1593.            -44.7    -6.34   -26.3  -7.82      4.11
21    31   16384  0.85  1106  35.0    31.2   30.6          105.             61.3     30.7     32.0     31.1          62.4            59.7    33.0     28.0  NA        NA   
22    31   16384  0.9   6496 109.    100.    91.5          333.            165.      97.8    104.      98.3          94.6           153.     99.0     86.6  NA        NA   
23    31   16384  0.95 41978  93.0    88.9   75.6          161.             96.2     94.3     94.2     74.0        -997.             77.5    89.0     69.8  NA        NA   
24    31   32768  0.85  1106  35.8    31.6   31.2          105.             61.5     32.3     32.9     31.8          62.6            59.6    33.5     29.1  30.6      32.9 
25    31   32768  0.9   6496 112.    102.   100.           335.            165.      99.4    106.      97.3          95.6           155.    100.      92.5  91.5     107.  
26    31   32768  0.95 41978  91.1    87.4   88.9          167.            102.      92.6     96.3     75.5        -992.             79.8    90.7     71.7  74.6      98.0 
27    31   65536  0.85  1106  35.7    32.4   31.6          105.             61.8     32.1     33.1     32.1          62.7            59.6    33.2     31.4  31.2      32.7 
28    31   65536  0.9   6496 111.    106.   102.           334.            166.      99.2    105.      97.8          95.4           156.    102.      96.8 100.      106.  
29    31   65536  0.95 41978  95.3    85.6   86.4          166.            108.      90.9     94.2     75.8        -991.             76.5    94.1     75.0  87.9      88.9 
30    31  131072  0.85  1106  35.7    32.3   32.4          105.             62.0     33.2     32.8     32.5          63.0            59.6    33.1     31.9  31.6      32.2 
31    31  131072  0.9   6496 112.    105.   106.           334.            167.     104.     105.     100.           97.0           154.    103.      99.0 102.      104.  
32    31  131072  0.95 41978  97.3    90.9   86.6          166.            110.      91.5     93.2     78.8        -985.             74.8    94.9     80.0  87.4      86.6 
33    31  262144  0.85  1106  35.8    32.3   32.3          105.             61.9     31.8     32.6     32.3          63.3            59.5    33.0     31.4  32.4      32.5 
34    31  262144  0.9   6496 112.    106.   105.           333.            167.     104.     105.     100.           99.4           154.    104.      98.3 106.      106.  
35    31  262144  0.95 41978  97.6    92.0   90.8          166.            109.      94.4     94.7     78.7        -975.             75.7    94.2     78.6  86.6      85.7 
36    31  524288  0.85  1106  36.0    32.5   32.3          105.             61.8     32.1     32.8     32.4          64.4            59.5    32.9     31.5  32.3      32.8 
37    31  524288  0.9   6496 112.    106.   105.           333.            166.     104.     105.     102.          106.            153.    104.     102.  105.      103.  
38    31  524288  0.95 41978  98.1    93.3   92.0          166.            108.      93.3     94.9     78.1        -950.             77.4    94.0     82.8  89.8      88.6 
39    71   16384  0.85  1106  69.0    37.3  -99.3          116.             90.5   -349.    -195.     -39.2          97.4            89.9  -199.     -43.9  NA        NA   
40    71   16384  0.9   6496 210.    198.   191.           395.            245.   -1973.    -253.    -435.          290.            241.   -223.    -431.   NA        NA   
41    71   16384  0.95 41978 242.    236.   234.           294.           -395.   -2265.   -1088.   -3978.         -388.           -429.  -1029.   -3922.   NA        NA   
42    71   32768  0.85  1106  69.5    61.2   36.3          116.             90.6   -287.    -135.     -40.7          97.5            90.0  -153.     -40.3 -99.3    -982.  
43    71   32768  0.9   6496 211.    200.   198.           395.            245.   -1740.    -128.    -433.          290.            241.   -115.    -435.  191.    -6052.  
44    71   32768  0.95 41978 241.    237.   236.           299.           -393.   -1526.   -1036.   -3982.         -388.           -424.   -994.   -3914.  234.   -41366.  
45    71   65536  0.85  1106  69.4    64.1   61.2          116.             90.6   -273.     -79.6    -39.1          97.5            90.0   -70.5    -42.4  36.3    -982.  
46    71   65536  0.9   6496 210.    202.   200.           395.            245.   -1450.     -39.9   -431.          290.            242.    -47.8   -426.  198.    -6052.  
47    71   65536  0.95 41978 240.    235.   238.           299.           -391.   -1326.    -965.   -3978.         -387.           -421.   -926.   -3910.  236.   -41366.  
48    71  131072  0.85  1106  69.5    64.1   64.1          116.             90.7   -260.     -44.8    -38.1          97.7            90.0   -36.7    -39.0  61.2    -982.  
49    71  131072  0.9   6496 212.    201.   202.           395.            245.   -1151.       4.87  -431.          291.            241.     -6.52  -423.  200.    -6052.  
50    71  131072  0.95 41978 242.    235.   237.           297.           -390.   -1181.    -905.   -3978.         -382.           -421.   -917.   -3908.  238.   -41366.  
51    71  262144  0.85  1106  69.5    64.1   64.0          116.             90.6   -205.       5.66   -38.0          97.9            90.0     1.69   -38.7  64.1    -982.  
52    71  262144  0.9   6496 212.    203.   201.           394.            245.    -776.      15.5   -431.          292.            242.     12.7   -420.  202.    -6052.  
53    71  262144  0.95 41978 242.    237.   233.           295.           -388.   -1105.    -903.   -3977.         -374.           -420.   -878.   -3903.  237.   -41366.  
54    71  524288  0.85  1106  69.4    64.3   64.1          116.             90.6   -119.      18.3    -38.9          98.3            90.0    15.9    -38.8  64.0    -982.  
55    71  524288  0.9   6496 212.    203.   203.           394.            245.    -306.      20.3   -430.          295.            242.     25.4   -420.  201.    -6052.  
56    71  524288  0.95 41978 243.    236.   237.           295.           -388.   -1048.    -883.   -3977.         -357.           -420.   -877.   -3903.  235.   -41366.  
